1002
V1,V2,V3,V4,Class
Continuous,Continuous,Continuous,Continuous,Nominal
15.0,-3.0,-5.75,-76.12760781859323,0
14.94,-2.988,-5.727,-75.99904656859852,0
14.879999999999999,-2.976,-5.704,-75.22030163348185,0
14.82,-2.964,-5.681,-76.36446192453013,0
14.76,-2.952,-5.6579999999999995,-74.85181619722569,0
14.7,-2.94,-5.635,-74.80881925329895,0
14.64,-2.928,-5.612,-74.92138817340036,0
14.58,-2.916,-5.5889999999999995,-74.702511995578,0
14.52,-2.904,-5.566,-73.96803641457947,0
14.459999999999999,-2.892,-5.543,-73.4949598229091,0
14.399999999999999,-2.88,-5.52,-73.18437758985375,0
14.34,-2.868,-5.497,-72.21444343385681,0
14.28,-2.856,-5.474,-73.05567607211675,0
14.219999999999999,-2.844,-5.451,-72.44333965947618,0
14.16,-2.832,-5.428,-72.00182856806198,0
14.1,-2.82,-5.404999999999999,-71.64176495786654,0
14.04,-2.808,-5.382,-71.21291815334757,0
13.979999999999999,-2.796,-5.359,-71.21762322886096,0
13.919999999999998,-2.784,-5.335999999999999,-71.14072430865028,0
13.860000000000001,-2.7720000000000002,-5.313000000000001,-70.78042060009243,0
13.8,-2.7600000000000002,-5.29,-69.73582658074777,0
13.74,-2.748,-5.267,-70.0446667801353,0
13.68,-2.736,-5.244,-69.49492935103152,0
13.620000000000001,-2.724,-5.221,-69.49018888588266,0
13.56,-2.712,-5.198,-69.20046322993002,0
13.5,-2.7,-5.175,-68.42178501225493,0
13.44,-2.688,-5.152,-68.19206363872799,0
13.38,-2.676,-5.1290000000000004,-68.17207793500607,0
13.32,-2.664,-5.106,-67.88616387951606,0
13.26,-2.652,-5.083,-67.34631071114256,0
13.2,-2.64,-5.06,-67.11106215675939,0
13.14,-2.628,-5.037,-66.97432470236501,0
13.08,-2.616,-5.014,-66.34398742644922,0
13.02,-2.604,-4.991,-66.56550072874349,0
12.959999999999999,-2.592,-4.968,-65.43462040300055,0
12.9,-2.58,-4.945,-65.45919038575461,0
12.84,-2.568,-4.922,-64.88350777994994,0
12.78,-2.556,-4.899,-65.22070367614796,0
12.719999999999999,-2.544,-4.8759999999999994,-64.6436728024815,0
12.66,-2.532,-4.853,-64.55049819465677,0
12.6,-2.52,-4.83,-63.49772369151729,0
12.54,-2.508,-4.8069999999999995,-63.63345063903289,0
12.479999999999999,-2.496,-4.784,-63.44094117806406,0
12.42,-2.484,-4.761,-63.60177769406817,0
12.360000000000001,-2.4720000000000004,-4.738,-62.500193352854495,0
12.3,-2.46,-4.715000000000001,-62.368431521391074,0
12.24,-2.4480000000000004,-4.692,-62.40001335233804,0
12.180000000000001,-2.436,-4.6690000000000005,-61.485844398663595,0
12.120000000000001,-2.4240000000000004,-4.646,-61.78275225048452,0
12.06,-2.412,-4.623,-61.30744508602901,0
12.0,-2.4000000000000004,-4.6000000000000005,-61.29709014237366,0
11.940000000000001,-2.388,-4.577,-60.23867808194141,0
11.88,-2.3760000000000003,-4.554,-61.28279396763371,0
11.82,-2.364,-4.531000000000001,-60.49729660469053,0
11.76,-2.3520000000000003,-4.508,-59.8342821080982,0
11.700000000000001,-2.34,-4.485,-59.76003503961935,0
11.64,-2.3280000000000003,-4.462,-59.222280767246566,0
11.58,-2.316,-4.439,-58.98707550689466,0
11.52,-2.3040000000000003,-4.416,-58.63019057048728,0
11.46,-2.292,-4.393,-58.311556938351856,0
11.4,-2.2800000000000002,-4.37,-58.464374909834866,0
11.34,-2.268,-4.347,-56.978590153132814,0
11.28,-2.2560000000000002,-4.324,-57.015648978320314,0
11.22,-2.2439999999999998,-4.301,-57.13959889777221,0
11.16,-2.232,-4.278,-56.824900839878076,0
11.1,-2.2199999999999998,-4.255,-56.50714101840185,0
11.04,-2.208,-4.232,-56.37542983483606,0
10.98,-2.1959999999999997,-4.209,-56.07473516004578,0
10.92,-2.184,-4.186,-55.480895061918716,0
10.86,-2.1719999999999997,-4.163,-55.53738286898335,0
10.799999999999999,-2.16,-4.14,-54.60036889914978,0
10.74,-2.1479999999999997,-4.117,-54.79505323717087,0
10.68,-2.136,-4.093999999999999,-54.135290604959145,0
10.62,-2.1239999999999997,-4.071,-53.978095084970434,0
10.559999999999999,-2.112,-4.048,-53.48622381388767,0
10.5,-2.0999999999999996,-4.0249999999999995,-53.56392354846694,0
10.44,-2.088,-4.002,-53.191710112017255,0
10.379999999999999,-2.0759999999999996,-3.9789999999999996,-52.41475848168817,0
10.319999999999999,-2.064,-3.9559999999999995,-51.98549979587733,0
10.26,-2.0519999999999996,-3.933,-52.102868090999124,0
10.2,-2.04,-3.9099999999999997,-52.437510772271644,0
10.139999999999999,-2.0279999999999996,-3.8869999999999996,-51.32227810058837,0
10.079999999999998,-2.016,-3.8639999999999994,-50.63539966382025,0
10.02,-2.0039999999999996,-3.8409999999999997,-50.911552377326075,0
9.959999999999999,-1.9919999999999998,-3.8179999999999996,-50.25055583918416,0
9.899999999999999,-1.9799999999999998,-3.7949999999999995,-50.479121163293534,0
9.839999999999998,-1.9679999999999997,-3.7719999999999994,-49.8261739035987,0
9.78,-1.9559999999999997,-3.7489999999999997,-49.97255274622747,0
9.72,-1.944,-3.726,-49.1129211944179,0
9.66,-1.932,-3.7030000000000003,-48.54858819346151,0
9.6,-1.92,-3.68,-48.908452560263164,0
9.540000000000001,-1.908,-3.657,-48.60216760988449,0
9.48,-1.896,-3.634,-47.95513346416822,0
9.42,-1.884,-3.611,-48.010981912861915,0
9.36,-1.8719999999999999,-3.588,-47.31460570802314,0
9.3,-1.8599999999999999,-3.565,-46.768732670927484,0
9.24,-1.8479999999999999,-3.542,-46.832779470966635,0
9.18,-1.8359999999999999,-3.519,-47.027723322846086,0
9.12,-1.8239999999999998,-3.496,-46.57464700834472,0
9.06,-1.8119999999999998,-3.473,-46.222368029390694,0
9.0,-1.7999999999999998,-3.4499999999999997,-45.00796986713648,0
8.94,-1.7879999999999998,-3.427,-45.34696039641938,0
8.879999999999999,-1.7759999999999998,-3.404,-44.997163285905806,0
8.82,-1.7639999999999998,-3.381,-44.6728251690708,0
8.76,-1.7519999999999998,-3.3579999999999997,-44.627029516687635,0
8.700000000000001,-1.7400000000000002,-3.3350000000000004,-44.74598162646086,0
8.64,-1.7280000000000002,-3.3120000000000003,-44.002449233014374,0
8.580000000000002,-1.7160000000000002,-3.2890000000000006,-43.32655170336687,0
8.520000000000001,-1.7040000000000002,-3.2660000000000005,-43.87382280769407,0
8.46,-1.6920000000000002,-3.2430000000000003,-42.7914751769836,0
8.4,-1.6800000000000002,-3.22,-42.687852316765316,0
8.34,-1.6680000000000001,-3.197,-42.83430640406207,0
8.280000000000001,-1.6560000000000001,-3.1740000000000004,-42.11992229742828,0
8.22,-1.6440000000000001,-3.1510000000000002,-41.85914020939433,0
8.16,-1.6320000000000001,-3.128,-41.8461725321846,0
8.100000000000001,-1.62,-3.1050000000000004,-40.839481763859396,0
8.040000000000001,-1.608,-3.0820000000000003,-41.06975352140646,0
7.98,-1.596,-3.059,-40.307969914814926,0
7.92,-1.584,-3.036,-40.83114269913673,0
7.86,-1.572,-3.013,-40.260885108886676,0
7.800000000000001,-1.56,-2.99,-39.39172868597114,0
7.74,-1.548,-2.967,-39.76615990437878,0
7.68,-1.536,-2.944,-38.74992817138107,0
7.62,-1.524,-2.9210000000000003,-38.64348732264587,0
7.5600000000000005,-1.512,-2.898,-38.09019422616659,0
7.5,-1.5,-2.875,-38.17212161326288,0
7.4399999999999995,-1.488,-2.852,-37.5392988928937,0
7.38,-1.476,-2.8289999999999997,-37.65925609855278,0
7.32,-1.464,-2.806,-36.88293410609425,0
7.26,-1.452,-2.783,-37.34942828315746,0
7.199999999999999,-1.44,-2.76,-36.32263094173885,0
7.14,-1.428,-2.737,-36.328771416614856,0
7.08,-1.416,-2.714,-35.99603561127739,0
7.02,-1.404,-2.691,-35.92769452372925,0
6.959999999999999,-1.392,-2.6679999999999997,-35.19815994928146,0
6.8999999999999995,-1.38,-2.6449999999999996,-35.17277849396119,0
6.84,-1.3679999999999999,-2.622,-34.696268946294964,0
6.779999999999999,-1.3559999999999999,-2.5989999999999998,-34.253927557640594,0
6.719999999999999,-1.3439999999999999,-2.5759999999999996,-34.32437980940472,0
6.659999999999999,-1.3319999999999999,-2.553,-34.40017785178441,0
6.6,-1.3199999999999998,-2.53,-33.07798691741058,0
6.539999999999999,-1.3079999999999998,-2.5069999999999997,-32.727501545750066,0
6.479999999999999,-1.2959999999999998,-2.4839999999999995,-33.52241531619158,0
6.419999999999999,-1.2839999999999998,-2.4609999999999994,-32.580093417552646,0
6.359999999999999,-1.2719999999999998,-2.4379999999999997,-32.682216194563644,0
6.300000000000001,-1.2600000000000002,-2.415,-32.298729948036566,0
6.24,-1.2480000000000002,-2.3920000000000003,-31.258956770848027,0
6.180000000000001,-1.2360000000000002,-2.369,-31.906923295991284,0
6.12,-1.2240000000000002,-2.346,-30.910554828096025,0
6.0600000000000005,-1.2120000000000002,-2.323,-31.18418198045073,0
6.0,-1.2000000000000002,-2.3000000000000003,-30.593087016537076,0
5.94,-1.1880000000000002,-2.277,-30.057328785020097,0
5.88,-1.1760000000000002,-2.254,-30.344884392343687,0
5.82,-1.1640000000000001,-2.231,-29.672475594679984,0
5.76,-1.1520000000000001,-2.208,-29.233173956699908,0
5.7,-1.1400000000000001,-2.185,-29.05850940134264,0
5.64,-1.1280000000000001,-2.162,-28.23360311879301,0
5.58,-1.116,-2.139,-28.416943518970864,0
5.52,-1.104,-2.116,-27.904594235337623,0
5.46,-1.092,-2.093,-27.50078584353152,0
5.3999999999999995,-1.08,-2.07,-27.07536815648847,0
5.34,-1.068,-2.0469999999999997,-27.06058324085291,0
5.279999999999999,-1.056,-2.024,-26.420215762817076,0
5.22,-1.044,-2.001,-26.68571558150367,0
5.159999999999999,-1.032,-1.9779999999999998,-25.961252788946023,0
5.1,-1.02,-1.9549999999999998,-25.92912931693448,0
5.039999999999999,-1.008,-1.9319999999999997,-25.422739786993123,0
4.9799999999999995,-0.9959999999999999,-1.9089999999999998,-25.01405858841545,0
4.919999999999999,-0.9839999999999999,-1.8859999999999997,-25.04630882775227,0
4.859999999999999,-0.9719999999999999,-1.8629999999999998,-24.458366235944712,0
4.799999999999999,-0.9599999999999999,-1.8399999999999996,-24.01963745372477,0
4.739999999999999,-0.9479999999999998,-1.8169999999999997,-24.211381097377714,0
4.679999999999999,-0.9359999999999998,-1.7939999999999996,-24.163198318671785,0
4.619999999999999,-0.9239999999999998,-1.7709999999999997,-23.895118981183128,0
4.559999999999999,-0.9119999999999998,-1.7479999999999996,-23.278051482515906,0
4.499999999999999,-0.8999999999999998,-1.7249999999999996,-22.648442903491837,0
4.44,-0.8880000000000001,-1.7020000000000002,-22.47811335145581,0
4.380000000000001,-0.8760000000000001,-1.6790000000000003,-21.913603255978327,0
4.32,-0.8640000000000001,-1.6560000000000001,-21.74390930438014,0
4.260000000000001,-0.8520000000000001,-1.6330000000000002,-21.980445886446795,0
4.2,-0.8400000000000001,-1.61,-20.76428594301056,0
4.140000000000001,-0.8280000000000001,-1.5870000000000002,-20.711792153765103,0
4.08,-0.8160000000000001,-1.564,-20.72779848651803,0
4.0200000000000005,-0.804,-1.5410000000000001,-20.27978389014481,0
3.96,-0.792,-1.518,-20.718096905113782,0
3.9000000000000004,-0.78,-1.495,-19.442608488557184,0
3.84,-0.768,-1.472,-19.19820635764177,0
3.7800000000000002,-0.756,-1.449,-18.621358921958755,0
3.7199999999999998,-0.744,-1.426,-18.804660545904692,0
3.66,-0.732,-1.403,-18.743521458554962,0
3.5999999999999996,-0.72,-1.38,-18.76688326240196,0
3.54,-0.708,-1.357,-18.379531955619452,0
3.4799999999999995,-0.696,-1.3339999999999999,-17.066899862022684,0
3.42,-0.6839999999999999,-1.311,-17.7441819764065,0
3.3599999999999994,-0.6719999999999999,-1.2879999999999998,-16.8527925468828,0
3.3,-0.6599999999999999,-1.265,-16.874544708980206,0
3.2399999999999993,-0.6479999999999999,-1.2419999999999998,-16.061971493108846,0
3.1799999999999997,-0.6359999999999999,-1.2189999999999999,-16.383900561658148,0
3.119999999999999,-0.6239999999999999,-1.1959999999999997,-15.875162077830552,0
3.0599999999999996,-0.6119999999999999,-1.1729999999999998,-15.177627173622009,0
2.999999999999999,-0.5999999999999999,-1.1499999999999997,-15.379420111151425,0
2.9399999999999995,-0.5879999999999999,-1.1269999999999998,-15.050293358177953,0
2.879999999999999,-0.5759999999999998,-1.1039999999999996,-14.60303983671478,0
2.8199999999999994,-0.5639999999999998,-1.0809999999999997,-13.898172977400368,0
2.759999999999999,-0.5519999999999998,-1.0579999999999996,-13.908017836707739,0
2.6999999999999993,-0.5399999999999998,-1.0349999999999997,-13.688363660246436,0
2.639999999999999,-0.5279999999999998,-1.0119999999999996,-13.691467538588096,0
2.579999999999999,-0.5159999999999998,-0.9889999999999997,-13.320119449077898,0
2.5199999999999987,-0.5039999999999998,-0.9659999999999995,-12.711339727160984,0
2.4600000000000004,-0.4920000000000001,-0.9430000000000002,-12.586953912055218,0
2.4000000000000004,-0.4800000000000001,-0.9200000000000002,-11.624030016582676,0
2.3400000000000003,-0.4680000000000001,-0.8970000000000001,-11.042285150012228,0
2.2800000000000002,-0.45600000000000007,-0.8740000000000001,-11.349019819200167,0
2.22,-0.44400000000000006,-0.8510000000000001,-11.0671641639434,0
2.16,-0.43200000000000005,-0.8280000000000001,-11.255912006674528,0
2.1,-0.42000000000000004,-0.805,-10.367602966540806,0
2.04,-0.40800000000000003,-0.782,-10.224929446437374,0
1.98,-0.396,-0.759,-9.93443799114907,0
1.92,-0.384,-0.736,-9.192658118135599,0
1.8599999999999999,-0.372,-0.713,-9.137665754162756,0
1.7999999999999998,-0.36,-0.69,-8.526750870827529,0
1.7399999999999998,-0.348,-0.6669999999999999,-8.877593198632894,0
1.6799999999999997,-0.33599999999999997,-0.6439999999999999,-8.450939348731842,0
1.6199999999999997,-0.32399999999999995,-0.6209999999999999,-7.688208558014497,0
1.5599999999999996,-0.31199999999999994,-0.5979999999999999,-7.955287523960807,0
1.4999999999999996,-0.29999999999999993,-0.5749999999999998,-7.111246789819618,0
1.4399999999999995,-0.2879999999999999,-0.5519999999999998,-7.800137632866296,0
1.3799999999999994,-0.2759999999999999,-0.5289999999999998,-6.852394368666069,0
1.3199999999999994,-0.2639999999999999,-0.5059999999999998,-6.064803218908636,0
1.2599999999999993,-0.2519999999999999,-0.48299999999999976,-6.935288891645746,0
1.1999999999999993,-0.23999999999999988,-0.45999999999999974,-5.988720835679795,0
1.1399999999999992,-0.22799999999999987,-0.4369999999999997,-6.0949281613092205,0
1.0799999999999992,-0.21599999999999986,-0.4139999999999997,-4.908990912401765,0
1.0199999999999991,-0.20399999999999985,-0.3909999999999997,-5.528253220911928,0
0.9599999999999992,-0.19199999999999984,-0.36799999999999966,-4.950120568313079,0
0.8999999999999991,-0.17999999999999983,-0.34499999999999964,-4.332566227832531,0
0.8399999999999991,-0.16799999999999982,-0.3219999999999996,-4.1188325573380276,0
0.779999999999999,-0.1559999999999998,-0.2989999999999996,-3.827749064285115,0
0.719999999999999,-0.1439999999999998,-0.2759999999999996,-2.9764597440660614,0
0.6599999999999989,-0.13199999999999978,-0.25299999999999956,-3.110762106201091,0
0.6000000000000005,-0.1200000000000001,-0.2300000000000002,-2.9376314692935064,0
0.5400000000000005,-0.1080000000000001,-0.20700000000000018,-2.5270660395940454,0
0.4800000000000004,-0.09600000000000009,-0.18400000000000016,-1.7757587116813722,0
0.4200000000000004,-0.08400000000000007,-0.16100000000000014,-1.6706880652422367,0
0.3600000000000003,-0.07200000000000006,-0.13800000000000012,-1.655272530482815,0
0.30000000000000027,-0.06000000000000005,-0.1150000000000001,-1.354313942402903,0
0.2400000000000002,-0.04800000000000004,-0.09200000000000008,-0.926039197192275,0
0.18000000000000016,-0.03600000000000003,-0.06900000000000006,-0.5229741225178361,0
0.1200000000000001,-0.02400000000000002,-0.04600000000000004,-0.4297189452468595,0
0.06000000000000005,-0.01200000000000001,-0.02300000000000002,0.16836543212942562,0
-0.0,0.0,0.0,0.4405237946024909,0
-0.06000000000000005,0.01200000000000001,0.02300000000000002,0.3094922448651365,0
-0.1200000000000001,0.02400000000000002,0.04600000000000004,0.43579656264207745,0
-0.18000000000000016,0.03600000000000003,0.06900000000000006,1.2413524213273481,0
-0.2400000000000002,0.04800000000000004,0.09200000000000008,1.6073625591169702,0
-0.30000000000000027,0.06000000000000005,0.1150000000000001,1.908545311121163,0
-0.3600000000000003,0.07200000000000006,0.13800000000000012,2.1979403762089023,0
-0.4200000000000004,0.08400000000000007,0.16100000000000014,2.6571017899995817,0
-0.4800000000000004,0.09600000000000009,0.18400000000000016,3.1288669640936604,0
-0.5400000000000005,0.1080000000000001,0.20700000000000018,3.4530602225873808,0
-0.6000000000000005,0.1200000000000001,0.2300000000000002,3.2882931619428963,0
-0.6600000000000006,0.13200000000000012,0.2530000000000002,3.3785354148113633,0
-0.7200000000000006,0.14400000000000013,0.27600000000000025,3.89877179181756,0
-0.7800000000000007,0.15600000000000014,0.29900000000000027,4.798049371399829,0
-0.8400000000000007,0.16800000000000015,0.3220000000000003,4.443668085617563,0
-0.9000000000000008,0.18000000000000016,0.3450000000000003,4.9321660307099116,0
-0.9600000000000009,0.19200000000000017,0.3680000000000003,5.287113353181673,0
-1.020000000000001,0.20400000000000018,0.39100000000000035,5.600731005570087,0
-1.080000000000001,0.2160000000000002,0.41400000000000037,5.329247444407362,0
-1.140000000000001,0.2280000000000002,0.4370000000000004,5.787258232956934,0
-1.200000000000001,0.2400000000000002,0.4600000000000004,6.461560693031317,0
-1.2600000000000011,0.2520000000000002,0.48300000000000043,6.809209763807165,0
-1.3200000000000012,0.26400000000000023,0.5060000000000004,6.6313406168676465,0
-1.3800000000000012,0.27600000000000025,0.5290000000000005,7.0640942375151035,0
-1.4400000000000013,0.28800000000000026,0.5520000000000005,7.942429016435612,0
-1.5000000000000013,0.30000000000000027,0.5750000000000005,8.184847802601414,0
-1.5600000000000014,0.3120000000000003,0.5980000000000005,7.704323863209792,0
-1.6200000000000014,0.3240000000000003,0.6210000000000006,8.913609314879476,0
-1.6800000000000015,0.3360000000000003,0.6440000000000006,8.86561824022298,0
-1.7400000000000015,0.3480000000000003,0.6670000000000006,8.996747850665475,0
-1.8000000000000016,0.3600000000000003,0.6900000000000006,10.20786431502354,0
-1.8600000000000017,0.37200000000000033,0.7130000000000006,9.662134245363202,0
-1.9200000000000017,0.38400000000000034,0.7360000000000007,10.563841732446477,0
-1.9800000000000018,0.39600000000000035,0.7590000000000007,10.243465406483372,0
-2.040000000000002,0.40800000000000036,0.7820000000000007,10.478659280040155,0
-2.100000000000002,0.4200000000000004,0.8050000000000007,11.033551235167144,0
-2.160000000000002,0.4320000000000004,0.8280000000000007,11.545067584167587,0
-2.220000000000002,0.4440000000000004,0.8510000000000008,11.109155264582288,0
-2.280000000000002,0.4560000000000004,0.8740000000000008,11.885640992287291,0
-2.339999999999999,0.46799999999999975,0.8969999999999996,11.984734278840522,0
-2.3999999999999986,0.47999999999999976,0.9199999999999995,12.809131997125046,0
-2.459999999999999,0.49199999999999977,0.9429999999999996,13.19029059400422,0
-2.5199999999999987,0.5039999999999998,0.9659999999999995,13.453705429883652,0
-2.579999999999999,0.5159999999999998,0.9889999999999997,13.290989728697348,0
-2.639999999999999,0.5279999999999998,1.0119999999999996,14.331080454716595,0
-2.6999999999999993,0.5399999999999998,1.0349999999999997,13.880021933691978,0
-2.759999999999999,0.5519999999999998,1.0579999999999996,14.078239587079588,0
-2.8199999999999994,0.5639999999999998,1.0809999999999997,14.378644095320723,0
-2.879999999999999,0.5759999999999998,1.1039999999999996,15.540613511080004,0
-2.9399999999999995,0.5879999999999999,1.1269999999999998,15.50577672069557,0
-2.999999999999999,0.5999999999999999,1.1499999999999997,16.268205518896508,0
-3.0599999999999996,0.6119999999999999,1.1729999999999998,15.74159036391042,0
-3.119999999999999,0.6239999999999999,1.1959999999999997,16.507693704648172,0
-3.1799999999999997,0.6359999999999999,1.2189999999999999,16.81513162671973,0
-3.2399999999999993,0.6479999999999999,1.2419999999999998,16.988699222718527,0
-3.3,0.6599999999999999,1.265,16.671969272390452,0
-3.3599999999999994,0.6719999999999999,1.2879999999999998,17.072718531644455,0
-3.42,0.6839999999999999,1.311,17.751741854560027,0
-3.4799999999999995,0.696,1.3339999999999999,18.02568734165335,0
-3.54,0.708,1.357,18.89464093199642,0
-3.5999999999999996,0.72,1.38,19.12327599036225,0
-3.66,0.732,1.403,18.671910451353384,0
-3.7199999999999998,0.744,1.426,19.141561844627798,0
-3.7800000000000002,0.756,1.449,19.59211585040451,0
-3.84,0.768,1.472,19.922201317985824,0
-3.9000000000000004,0.78,1.495,19.984545451118834,0
-3.96,0.792,1.518,20.398614294201224,0
-4.0200000000000005,0.804,1.5410000000000001,20.55955421001142,0
-4.08,0.8160000000000001,1.564,21.220738467481283,0
-4.140000000000001,0.8280000000000001,1.5870000000000002,21.242365308850243,0
-4.2,0.8400000000000001,1.61,21.597359940946067,0
-4.260000000000001,0.8520000000000001,1.6330000000000002,22.637688458369375,0
-4.32,0.8640000000000001,1.6560000000000001,21.698395669176186,0
-4.380000000000001,0.8760000000000001,1.6790000000000003,22.307610214100844,0
-4.44,0.8880000000000001,1.7020000000000002,23.44938553973769,0
-4.500000000000001,0.9000000000000001,1.7250000000000003,23.13840999158437,0
-4.5600000000000005,0.9120000000000001,1.7480000000000002,23.413136109865686,0
-4.620000000000001,0.9240000000000002,1.7710000000000004,23.56292871682559,0
-4.680000000000001,0.9360000000000002,1.7940000000000003,23.74435765641943,0
-4.740000000000001,0.9480000000000002,1.8170000000000004,24.84447068467681,0
-4.800000000000001,0.9600000000000002,1.8400000000000003,25.267866803831627,0
-4.860000000000001,0.9720000000000002,1.8630000000000004,24.870889535369596,0
-4.920000000000001,0.9840000000000002,1.8860000000000003,25.424165548606283,0
-4.980000000000001,0.9960000000000002,1.9090000000000005,24.95318522189244,0
-5.040000000000001,1.0080000000000002,1.9320000000000004,25.68057147793031,0
-5.100000000000001,1.0200000000000002,1.9550000000000005,25.682217049054927,0
-5.160000000000001,1.0320000000000003,1.9780000000000004,26.755922672206434,0
-5.2200000000000015,1.0440000000000003,2.0010000000000003,26.62584503484972,0
-5.280000000000001,1.0560000000000003,2.0240000000000005,27.587468732539964,0
-5.340000000000002,1.0680000000000003,2.0470000000000006,27.36255162152194,0
-5.400000000000001,1.0800000000000003,2.0700000000000007,27.91707480760645,0
-5.460000000000002,1.0920000000000003,2.0930000000000004,27.927205727041475,0
-5.520000000000001,1.1040000000000003,2.1160000000000005,27.978989949399647,0
-5.580000000000002,1.1160000000000003,2.1390000000000007,28.669566634359708,0
-5.6400000000000015,1.1280000000000003,2.162000000000001,28.290505674009857,0
-5.700000000000002,1.1400000000000003,2.1850000000000005,29.011268805445987,0
-5.760000000000002,1.1520000000000004,2.2080000000000006,29.509552021081053,0
-5.820000000000002,1.1640000000000004,2.2310000000000008,30.301226752350892,0
-5.880000000000002,1.1760000000000004,2.254000000000001,30.289064532406346,0
-5.940000000000002,1.1880000000000004,2.2770000000000006,30.419611331350183,0
-6.000000000000002,1.2000000000000004,2.3000000000000007,30.827212081583347,0
-6.060000000000002,1.2120000000000004,2.323000000000001,31.472490189902842,0
-6.119999999999999,1.2239999999999998,2.3459999999999996,31.545835768632255,0
-6.179999999999999,1.2359999999999998,2.3689999999999998,32.19181642578812,0
-6.239999999999998,1.2479999999999998,2.3919999999999995,32.64250301326096,0
-6.299999999999999,1.2599999999999998,2.4149999999999996,32.830393113052715,0
-6.359999999999999,1.2719999999999998,2.4379999999999997,32.97170006051461,0
-6.419999999999999,1.2839999999999998,2.4609999999999994,33.16781183661795,0
-6.479999999999999,1.2959999999999998,2.4839999999999995,33.313766269641754,0
-6.539999999999999,1.3079999999999998,2.5069999999999997,33.65221666577465,0
-6.6,1.3199999999999998,2.53,33.88928730907855,0
-6.659999999999999,1.3319999999999999,2.553,34.4112807138652,0
-6.719999999999999,1.3439999999999999,2.5759999999999996,34.50664625756498,0
-6.779999999999999,1.3559999999999999,2.5989999999999998,34.63046821273341,0
-6.84,1.3679999999999999,2.622,35.200904902963785,0
-6.8999999999999995,1.38,2.6449999999999996,35.783477880130185,0
-6.959999999999999,1.392,2.6679999999999997,35.74121884936993,0
-7.02,1.404,2.691,36.60631828387977,0
-7.08,1.416,2.714,36.2927287279879,0
-7.14,1.428,2.737,37.12643180866508,0
-7.199999999999999,1.44,2.76,36.929486158376534,0
-7.26,1.452,2.783,37.296440722838426,0
-7.32,1.464,2.806,37.833131756720626,0
-7.38,1.476,2.8289999999999997,38.44696904628114,0
-7.4399999999999995,1.488,2.852,38.02226585827676,0
-7.5,1.5,2.875,39.159962799712595,0
-7.5600000000000005,1.512,2.898,38.827774746418505,0
-7.62,1.524,2.9210000000000003,38.723831518701644,0
-7.68,1.536,2.944,39.71188994049052,0
-7.74,1.548,2.967,38.90231636841956,0
-7.800000000000001,1.56,2.99,40.73770550457262,0
-7.86,1.572,3.013,40.03283352580648,0
-7.92,1.584,3.036,41.18303003527182,0
-7.98,1.596,3.059,40.690911498640844,0
-8.040000000000001,1.608,3.0820000000000003,41.84075110975064,0
-8.100000000000001,1.62,3.1050000000000004,41.87588719345706,0
-8.16,1.6320000000000001,3.128,42.203159092990035,0
-8.22,1.6440000000000001,3.1510000000000002,42.38330964116145,0
-8.280000000000001,1.6560000000000001,3.1740000000000004,42.23329725740923,0
-8.34,1.6680000000000001,3.197,42.73282903519358,0
-8.4,1.6800000000000002,3.22,43.635087534789655,0
-8.46,1.6920000000000002,3.2430000000000003,43.536835477491515,0
-8.520000000000001,1.7040000000000002,3.2660000000000005,43.479565681449195,0
-8.580000000000002,1.7160000000000002,3.2890000000000006,44.83786689481097,0
-8.64,1.7280000000000002,3.3120000000000003,44.32523146321042,0
-8.700000000000001,1.7400000000000002,3.3350000000000004,44.71590848730522,0
-8.760000000000002,1.7520000000000002,3.3580000000000005,45.80214177022884,0
-8.82,1.7640000000000002,3.3810000000000002,45.15156378369184,0
-8.88,1.7760000000000002,3.4040000000000004,45.25693640405041,0
-8.940000000000001,1.7880000000000003,3.4270000000000005,45.79518066468791,0
-9.000000000000002,1.8000000000000003,3.4500000000000006,46.44583275210448,0
-9.060000000000002,1.8120000000000003,3.4730000000000008,46.519060815454885,0
-9.120000000000001,1.8240000000000003,3.4960000000000004,46.82315214760762,0
-9.180000000000001,1.8360000000000003,3.5190000000000006,47.39853489263361,0
-9.240000000000002,1.8480000000000003,3.5420000000000007,47.4398855634015,0
-9.3,1.8600000000000003,3.5650000000000004,47.84722157209296,0
-9.360000000000001,1.8720000000000003,3.5880000000000005,48.279410777936455,0
-9.420000000000002,1.8840000000000003,3.6110000000000007,48.48936525922826,0
-9.480000000000002,1.8960000000000004,3.634000000000001,48.641208415588544,0
-9.540000000000003,1.9080000000000004,3.657000000000001,49.18463602542435,0
-9.600000000000001,1.9200000000000004,3.6800000000000006,49.29328785336986,0
-9.660000000000002,1.9320000000000004,3.7030000000000007,49.377423292912546,0
-9.720000000000002,1.9440000000000004,3.726000000000001,50.2015743072427,0
-9.780000000000001,1.9560000000000004,3.7490000000000006,50.1816012330694,0
-9.840000000000002,1.9680000000000004,3.7720000000000007,51.082637765373654,0
-9.900000000000002,1.9800000000000004,3.795000000000001,50.81333495735067,0
-9.960000000000003,1.9920000000000004,3.818000000000001,51.439078457829225,0
-10.02,2.0039999999999996,3.8409999999999997,50.845988380272104,0
-10.079999999999998,2.016,3.8639999999999994,51.45691100810192,0
-10.139999999999999,2.0279999999999996,3.8869999999999996,51.9173977067521,0
-10.2,2.04,3.9099999999999997,51.68311253692179,0
-10.26,2.0519999999999996,3.933,53.09000740846891,0
-10.319999999999999,2.064,3.9559999999999995,52.988348509422025,0
-10.379999999999999,2.0759999999999996,3.9789999999999996,53.464070220948514,0
-10.44,2.088,4.002,53.35961712821993,0
-10.5,2.0999999999999996,4.0249999999999995,54.336842463503864,0
-10.559999999999999,2.112,4.048,53.76564558339548,0
-10.62,2.1239999999999997,4.071,54.52028322481105,0
-10.68,2.136,4.093999999999999,54.656900697382156,0
-10.74,2.1479999999999997,4.117,55.176439485290445,0
-10.799999999999999,2.16,4.14,54.792370904950396,0
-10.86,2.1719999999999997,4.163,55.50819408055418,0
-10.92,2.184,4.186,55.996494529661994,0
-10.98,2.1959999999999997,4.209,56.45926944104078,0
-11.04,2.208,4.232,56.60170184399043,0
-11.1,2.2199999999999998,4.255,56.96065428729777,0
-11.16,2.232,4.278,57.664945678242155,0
-11.22,2.2439999999999998,4.301,58.12261509730038,0
-11.28,2.2560000000000002,4.324,59.01565980329703,0
-11.34,2.268,4.347,57.636206987988004,0
-11.4,2.2800000000000002,4.37,58.64931018154036,0
-11.46,2.292,4.393,58.56174609211692,0
-11.52,2.3040000000000003,4.416,58.70888000126206,0
-11.58,2.316,4.439,59.39343702696436,0
-11.64,2.3280000000000003,4.462,59.51376037507065,0
-11.700000000000001,2.34,4.485,59.68984724911854,0
-11.76,2.3520000000000003,4.508,60.10270074611483,0
-11.82,2.364,4.531000000000001,60.99864647571856,0
-11.88,2.3760000000000003,4.554,61.44133448704995,0
-11.940000000000001,2.388,4.577,61.171426535805296,0
-12.0,2.4000000000000004,4.6000000000000005,61.100076237601144,0
-12.06,2.412,4.623,61.9266989172223,0
-12.120000000000001,2.4240000000000004,4.646,61.78664161427198,0
-12.180000000000001,2.436,4.6690000000000005,62.85080412336132,0
-12.24,2.4480000000000004,4.692,62.660919126712635,0
-12.3,2.46,4.715000000000001,63.08037098440651,0
-12.360000000000001,2.4720000000000004,4.738,63.68457563044915,0
-12.420000000000002,2.484,4.761,63.636881619484505,0
-12.48,2.4960000000000004,4.784000000000001,64.0303955922862,0
-12.540000000000001,2.508,4.807,64.7478155469813,0
-12.600000000000001,2.5200000000000005,4.83,64.58855687599653,0
-12.660000000000002,2.532,4.853000000000001,64.84465600522176,0
-12.72,2.5440000000000005,4.876,65.30878197188747,0
-12.780000000000001,2.556,4.899000000000001,65.61339120445106,0
-12.840000000000002,2.5680000000000005,4.922000000000001,66.1754939446368,0
-12.900000000000002,2.58,4.945,65.95806655805306,0
-12.96,2.5920000000000005,4.968000000000001,66.04144672878087,0
-13.020000000000001,2.604,4.9910000000000005,67.22805036347879,0
-13.080000000000002,2.6160000000000005,5.014,67.13455862871226,0
-13.140000000000002,2.628,5.037000000000001,66.81947076919637,0
-13.200000000000001,2.6400000000000006,5.0600000000000005,67.67431835311673,0
-13.260000000000002,2.652,5.083000000000001,67.73426375524839,0
-13.320000000000002,2.6640000000000006,5.106000000000001,68.10583714815404,0
-13.380000000000003,2.676,5.1290000000000004,68.49855495743414,0
-13.440000000000001,2.6880000000000006,5.152000000000001,68.55436781001369,0
-13.500000000000002,2.7,5.175000000000001,69.26315632701083,0
-13.560000000000002,2.7120000000000006,5.198,69.60543467240713,0
-13.620000000000003,2.724,5.221000000000001,69.63541997619562,0
-13.680000000000001,2.7360000000000007,5.244000000000001,70.31193467993894,0
-13.740000000000002,2.748,5.267000000000001,70.87735444808217,0
-13.799999999999999,2.76,5.289999999999999,70.27188346869261,0
-13.86,2.772,5.313,70.74997048131338,0
-13.919999999999998,2.784,5.335999999999999,70.93991661466956,0
-13.979999999999999,2.796,5.359,72.17015135961992,0
-14.04,2.808,5.382,71.63264412702824,0
-14.1,2.82,5.404999999999999,72.38636047647915,0
-14.16,2.832,5.428,72.2118880433138,0
-14.219999999999999,2.844,5.451,72.48705911487636,0
-14.28,2.856,5.474,73.0092848803596,0
-14.34,2.868,5.497,72.93323690277397,0
-14.399999999999999,2.88,5.52,74.08737343860106,0
-14.459999999999999,2.892,5.543,74.45426262574756,0
-14.52,2.904,5.566,74.76535576038295,0
-14.58,2.916,5.5889999999999995,74.49985615417995,0
-14.64,2.928,5.612,75.24046861872974,0
-14.7,2.94,5.635,75.67158440167606,0
-14.76,2.952,5.6579999999999995,75.33493247836756,0
-14.82,2.964,5.681,76.24982377215433,0
-14.879999999999999,2.976,5.704,76.13206895456149,0
-14.94,2.988,5.727,76.39046934698756,0
-15.0,3.0,5.75,76.63592501132948,0
15.0,-3.0,-5.75,-77.2484246359121,1
14.94,-2.988,-5.727,-77.16222075017677,1
14.879999999999999,-2.976,-5.704,-76.13847373719115,1
14.82,-2.964,-5.681,-76.19917280056,1
14.76,-2.952,-5.6579999999999995,-75.62303401725868,1
14.7,-2.94,-5.635,-75.28445963404923,1
14.64,-2.928,-5.612,-74.75384175636314,1
14.58,-2.916,-5.5889999999999995,-74.36698130128748,1
14.52,-2.904,-5.566,-73.65968518690288,1
14.459999999999999,-2.892,-5.543,-74.03659687991363,1
14.399999999999999,-2.88,-5.52,-73.38907811549649,1
14.34,-2.868,-5.497,-73.23396816570278,1
14.28,-2.856,-5.474,-72.96155000508647,1
14.219999999999999,-2.844,-5.451,-72.54054546744241,1
14.16,-2.832,-5.428,-72.778675669308,1
14.1,-2.82,-5.404999999999999,-72.23720276509538,1
14.04,-2.808,-5.382,-71.99622387697191,1
13.979999999999999,-2.796,-5.359,-71.46284954587956,1
13.919999999999998,-2.784,-5.335999999999999,-71.7106727072233,1
13.860000000000001,-2.7720000000000002,-5.313000000000001,-71.17074091896772,1
13.8,-2.7600000000000002,-5.29,-70.4428220826314,1
13.74,-2.748,-5.267,-70.22683765526575,1
13.68,-2.736,-5.244,-70.17641361755719,1
13.620000000000001,-2.724,-5.221,-69.62712337338282,1
13.56,-2.712,-5.198,-69.72455774298095,1
13.5,-2.7,-5.175,-69.35960363516439,1
13.44,-2.688,-5.152,-68.77656707483956,1
13.38,-2.676,-5.1290000000000004,-68.95940803127277,1
13.32,-2.664,-5.106,-68.15077096076628,1
13.26,-2.652,-5.083,-68.214492821784,1
13.2,-2.64,-5.06,-67.21074873087794,1
13.14,-2.628,-5.037,-67.44292744528285,1
13.08,-2.616,-5.014,-66.88926589903834,1
13.02,-2.604,-4.991,-66.99044222144316,1
12.959999999999999,-2.592,-4.968,-66.25778176062447,1
12.9,-2.58,-4.945,-66.62903031431343,1
12.84,-2.568,-4.922,-65.96143386178629,1
12.78,-2.556,-4.899,-65.16178723098345,1
12.719999999999999,-2.544,-4.8759999999999994,-65.1592846386364,1
12.66,-2.532,-4.853,-64.66279367060412,1
12.6,-2.52,-4.83,-64.44275630903455,1
12.54,-2.508,-4.8069999999999995,-64.18996793518696,1
12.479999999999999,-2.496,-4.784,-63.632032445289475,1
12.42,-2.484,-4.761,-63.26509059240214,1
12.360000000000001,-2.4720000000000004,-4.738,-63.82930711384249,1
12.3,-2.46,-4.715000000000001,-63.829380290929144,1
12.24,-2.4480000000000004,-4.692,-62.746596342988404,1
12.180000000000001,-2.436,-4.6690000000000005,-62.75595741840091,1
12.120000000000001,-2.4240000000000004,-4.646,-62.322970168779015,1
12.06,-2.412,-4.623,-61.59678981330039,1
12.0,-2.4000000000000004,-4.6000000000000005,-62.20391642496115,1
11.940000000000001,-2.388,-4.577,-61.416533531391785,1
11.88,-2.3760000000000003,-4.554,-60.86677759285688,1
11.82,-2.364,-4.531000000000001,-60.93917064166385,1
11.76,-2.3520000000000003,-4.508,-60.24948648290881,1
11.700000000000001,-2.34,-4.485,-60.344876175112226,1
11.64,-2.3280000000000003,-4.462,-59.411475586743926,1
11.58,-2.316,-4.439,-58.946355462820414,1
11.52,-2.3040000000000003,-4.416,-59.22720700266436,1
11.46,-2.292,-4.393,-58.246269906041256,1
11.4,-2.2800000000000002,-4.37,-58.27057662358833,1
11.34,-2.268,-4.347,-57.96345468075629,1
11.28,-2.2560000000000002,-4.324,-57.85489367163169,1
11.22,-2.2439999999999998,-4.301,-57.62673902623421,1
11.16,-2.232,-4.278,-56.62010498432678,1
11.1,-2.2199999999999998,-4.255,-56.94356836874872,1
11.04,-2.208,-4.232,-56.57429595500382,1
10.98,-2.1959999999999997,-4.209,-56.324110923107725,1
10.92,-2.184,-4.186,-56.25079762123242,1
10.86,-2.1719999999999997,-4.163,-56.29875665829661,1
10.799999999999999,-2.16,-4.14,-55.339646515223855,1
10.74,-2.1479999999999997,-4.117,-54.820280559339785,1
10.68,-2.136,-4.093999999999999,-55.0817483442981,1
10.62,-2.1239999999999997,-4.071,-54.69524877112388,1
10.559999999999999,-2.112,-4.048,-53.95628696799658,1
10.5,-2.0999999999999996,-4.0249999999999995,-54.78522829695235,1
10.44,-2.088,-4.002,-52.65414964860657,1
10.379999999999999,-2.0759999999999996,-3.9789999999999996,-53.35957314502805,1
10.319999999999999,-2.064,-3.9559999999999995,-53.26769665524075,1
10.26,-2.0519999999999996,-3.933,-52.976150162219106,1
10.2,-2.04,-3.9099999999999997,-51.79261864350675,1
10.139999999999999,-2.0279999999999996,-3.8869999999999996,-51.42154013483031,1
10.079999999999998,-2.016,-3.8639999999999994,-51.26490179291843,1
10.02,-2.0039999999999996,-3.8409999999999997,-51.12227032673985,1
9.959999999999999,-1.9919999999999998,-3.8179999999999996,-51.242404747909106,1
9.899999999999999,-1.9799999999999998,-3.7949999999999995,-50.958137695592946,1
9.839999999999998,-1.9679999999999997,-3.7719999999999994,-50.76116840374072,1
9.78,-1.9559999999999997,-3.7489999999999997,-49.86299151542385,1
9.72,-1.944,-3.726,-49.852136182472314,1
9.66,-1.932,-3.7030000000000003,-49.54428272069224,1
9.6,-1.92,-3.68,-49.28352657045938,1
9.540000000000001,-1.908,-3.657,-48.981829071197964,1
9.48,-1.896,-3.634,-48.66509491232253,1
9.42,-1.884,-3.611,-48.74776916186745,1
9.36,-1.8719999999999999,-3.588,-47.64483324937022,1
9.3,-1.8599999999999999,-3.565,-47.733087853113254,1
9.24,-1.8479999999999999,-3.542,-47.30714146386635,1
9.18,-1.8359999999999999,-3.519,-46.73838225143436,1
9.12,-1.8239999999999998,-3.496,-46.74822446584043,1
9.06,-1.8119999999999998,-3.473,-46.81081447072772,1
9.0,-1.7999999999999998,-3.4499999999999997,-46.34684607502537,1
8.94,-1.7879999999999998,-3.427,-45.92926092813184,1
8.879999999999999,-1.7759999999999998,-3.404,-45.29755126038805,1
8.82,-1.7639999999999998,-3.381,-45.64542134563885,1
8.76,-1.7519999999999998,-3.3579999999999997,-44.864633484847104,1
8.700000000000001,-1.7400000000000002,-3.3350000000000004,-44.62771722428854,1
8.64,-1.7280000000000002,-3.3120000000000003,-44.43126255880027,1
8.580000000000002,-1.7160000000000002,-3.2890000000000006,-43.90150290282653,1
8.520000000000001,-1.7040000000000002,-3.2660000000000005,-43.9499743097891,1
8.46,-1.6920000000000002,-3.2430000000000003,-43.57843721300995,1
8.4,-1.6800000000000002,-3.22,-42.81422134067112,1
8.34,-1.6680000000000001,-3.197,-42.38182871160599,1
8.280000000000001,-1.6560000000000001,-3.1740000000000004,-43.041869895706874,1
8.22,-1.6440000000000001,-3.1510000000000002,-42.16446982379176,1
8.16,-1.6320000000000001,-3.128,-41.01415946278468,1
8.100000000000001,-1.62,-3.1050000000000004,-41.52471000695304,1
8.040000000000001,-1.608,-3.0820000000000003,-41.24664974004596,1
7.98,-1.596,-3.059,-40.87278356691697,1
7.92,-1.584,-3.036,-41.15030686152804,1
7.86,-1.572,-3.013,-40.206876762714195,1
7.800000000000001,-1.56,-2.99,-40.31212034219905,1
7.74,-1.548,-2.967,-39.411366354724414,1
7.68,-1.536,-2.944,-39.23201376650872,1
7.62,-1.524,-2.9210000000000003,-39.48592569547138,1
7.5600000000000005,-1.512,-2.898,-38.33713705716126,1
7.5,-1.5,-2.875,-38.59045110798118,1
7.4399999999999995,-1.488,-2.852,-38.38105255598801,1
7.38,-1.476,-2.8289999999999997,-38.12287467868913,1
7.32,-1.464,-2.806,-38.516681487019426,1
7.26,-1.452,-2.783,-36.542527767374594,1
7.199999999999999,-1.44,-2.76,-36.815563544923116,1
7.14,-1.428,-2.737,-37.22547737586202,1
7.08,-1.416,-2.714,-35.60633815716374,1
7.02,-1.404,-2.691,-35.865465565179626,1
6.959999999999999,-1.392,-2.6679999999999997,-36.20862651547998,1
6.8999999999999995,-1.38,-2.6449999999999996,-35.209803364968224,1
6.84,-1.3679999999999999,-2.622,-34.840603197585715,1
6.779999999999999,-1.3559999999999999,-2.5989999999999998,-34.61567436701916,1
6.719999999999999,-1.3439999999999999,-2.5759999999999996,-34.40473617349866,1
6.659999999999999,-1.3319999999999999,-2.553,-33.81289996674254,1
6.6,-1.3199999999999998,-2.53,-34.16994645286137,1
6.539999999999999,-1.3079999999999998,-2.5069999999999997,-33.43591367422192,1
6.479999999999999,-1.2959999999999998,-2.4839999999999995,-33.71735711565356,1
6.419999999999999,-1.2839999999999998,-2.4609999999999994,-32.90909201752116,1
6.359999999999999,-1.2719999999999998,-2.4379999999999997,-32.94670317840219,1
6.300000000000001,-1.2600000000000002,-2.415,-32.66370707137363,1
6.24,-1.2480000000000002,-2.3920000000000003,-32.42752549902487,1
6.180000000000001,-1.2360000000000002,-2.369,-31.623658382565534,1
6.12,-1.2240000000000002,-2.346,-31.923020575572888,1
6.0600000000000005,-1.2120000000000002,-2.323,-30.87844779089108,1
6.0,-1.2000000000000002,-2.3000000000000003,-30.37851921233774,1
5.94,-1.1880000000000002,-2.277,-29.926695702915016,1
5.88,-1.1760000000000002,-2.254,-30.25842516614946,1
5.82,-1.1640000000000001,-2.231,-30.00646194731351,1
5.76,-1.1520000000000001,-2.208,-29.548611053867262,1
5.7,-1.1400000000000001,-2.185,-29.57579664187746,1
5.64,-1.1280000000000001,-2.162,-29.491081817456095,1
5.58,-1.116,-2.139,-29.07349082987666,1
5.52,-1.104,-2.116,-28.85733178968661,1
5.46,-1.092,-2.093,-27.84772025463439,1
5.3999999999999995,-1.08,-2.07,-28.33065277679359,1
5.34,-1.068,-2.0469999999999997,-27.951530645049484,1
5.279999999999999,-1.056,-2.024,-27.225691838953768,1
5.22,-1.044,-2.001,-27.146248718642973,1
5.159999999999999,-1.032,-1.9779999999999998,-27.06266782960906,1
5.1,-1.02,-1.9549999999999998,-25.772314731551877,1
5.039999999999999,-1.008,-1.9319999999999997,-26.328063964977325,1
4.9799999999999995,-0.9959999999999999,-1.9089999999999998,-25.913898687540758,1
4.919999999999999,-0.9839999999999999,-1.8859999999999997,-25.066793001087145,1
4.859999999999999,-0.9719999999999999,-1.8629999999999998,-25.423338523430335,1
4.799999999999999,-0.9599999999999999,-1.8399999999999996,-24.590149041297153,1
4.739999999999999,-0.9479999999999998,-1.8169999999999997,-24.40003916814597,1
4.679999999999999,-0.9359999999999998,-1.7939999999999996,-24.164297817525796,1
4.619999999999999,-0.9239999999999998,-1.7709999999999997,-24.87647669915573,1
4.559999999999999,-0.9119999999999998,-1.7479999999999996,-23.26168989100166,1
4.499999999999999,-0.8999999999999998,-1.7249999999999996,-23.387883265061834,1
4.44,-0.8880000000000001,-1.7020000000000002,-22.580112996029232,1
4.380000000000001,-0.8760000000000001,-1.6790000000000003,-22.216388065506944,1
4.32,-0.8640000000000001,-1.6560000000000001,-22.573953645818047,1
4.260000000000001,-0.8520000000000001,-1.6330000000000002,-22.095894553698916,1
4.2,-0.8400000000000001,-1.61,-22.16209518996097,1
4.140000000000001,-0.8280000000000001,-1.5870000000000002,-21.648378877694658,1
4.08,-0.8160000000000001,-1.564,-21.06428172328755,1
4.0200000000000005,-0.804,-1.5410000000000001,-20.98137577561206,1
3.96,-0.792,-1.518,-20.687850127666298,1
3.9000000000000004,-0.78,-1.495,-20.28165980199538,1
3.84,-0.768,-1.472,-20.163027836946064,1
3.7800000000000002,-0.756,-1.449,-19.79960393938077,1
3.7199999999999998,-0.744,-1.426,-19.486207735131586,1
3.66,-0.732,-1.403,-18.679501603272147,1
3.5999999999999996,-0.72,-1.38,-19.02239505023496,1
3.54,-0.708,-1.357,-18.118198574188593,1
3.4799999999999995,-0.696,-1.3339999999999999,-18.257765538894613,1
3.42,-0.6839999999999999,-1.311,-17.961403250788003,1
3.3599999999999994,-0.6719999999999999,-1.2879999999999998,-17.826849942365516,1
3.3,-0.6599999999999999,-1.265,-16.98295578400058,1
3.2399999999999993,-0.6479999999999999,-1.2419999999999998,-16.230942375197436,1
3.1799999999999997,-0.6359999999999999,-1.2189999999999999,-16.66157084574241,1
3.119999999999999,-0.6239999999999999,-1.1959999999999997,-16.240553666377885,1
3.0599999999999996,-0.6119999999999999,-1.1729999999999998,-15.969566775597304,1
2.999999999999999,-0.5999999999999999,-1.1499999999999997,-15.719663784640169,1
2.9399999999999995,-0.5879999999999999,-1.1269999999999998,-15.326594810175338,1
2.879999999999999,-0.5759999999999998,-1.1039999999999996,-14.91848118682652,1
2.8199999999999994,-0.5639999999999998,-1.0809999999999997,-14.649880857675955,1
2.759999999999999,-0.5519999999999998,-1.0579999999999996,-14.299459149636851,1
2.6999999999999993,-0.5399999999999998,-1.0349999999999997,-13.770716782556597,1
2.639999999999999,-0.5279999999999998,-1.0119999999999996,-13.92121015128172,1
2.579999999999999,-0.5159999999999998,-0.9889999999999997,-13.325754594831103,1
2.5199999999999987,-0.5039999999999998,-0.9659999999999995,-12.495733822501887,1
2.4600000000000004,-0.4920000000000001,-0.9430000000000002,-12.750447539649791,1
2.4000000000000004,-0.4800000000000001,-0.9200000000000002,-11.992728855829595,1
2.3400000000000003,-0.4680000000000001,-0.8970000000000001,-12.745034173431073,1
2.2800000000000002,-0.45600000000000007,-0.8740000000000001,-12.13763613712783,1
2.22,-0.44400000000000006,-0.8510000000000001,-11.170996049180932,1
2.16,-0.43200000000000005,-0.8280000000000001,-11.525120256621728,1
2.1,-0.42000000000000004,-0.805,-11.135270295345263,1
2.04,-0.40800000000000003,-0.782,-11.120395761109346,1
1.98,-0.396,-0.759,-10.412614353493739,1
1.92,-0.384,-0.736,-9.743214661026402,1
1.8599999999999999,-0.372,-0.713,-9.466872265597628,1
1.7999999999999998,-0.36,-0.69,-9.673201488471143,1
1.7399999999999998,-0.348,-0.6669999999999999,-8.924357016846647,1
1.6799999999999997,-0.33599999999999997,-0.6439999999999999,-8.967271595688745,1
1.6199999999999997,-0.32399999999999995,-0.6209999999999999,-8.122211956416393,1
1.5599999999999996,-0.31199999999999994,-0.5979999999999999,-7.985629370505391,1
1.4999999999999996,-0.29999999999999993,-0.5749999999999998,-8.18209190417829,1
1.4399999999999995,-0.2879999999999999,-0.5519999999999998,-7.485603352021867,1
1.3799999999999994,-0.2759999999999999,-0.5289999999999998,-7.422726497369739,1
1.3199999999999994,-0.2639999999999999,-0.5059999999999998,-6.945058119175204,1
1.2599999999999993,-0.2519999999999999,-0.48299999999999976,-6.6035614251654,1
1.1999999999999993,-0.23999999999999988,-0.45999999999999974,-6.26474934423775,1
1.1399999999999992,-0.22799999999999987,-0.4369999999999997,-6.480708634809471,1
1.0799999999999992,-0.21599999999999986,-0.4139999999999997,-5.772923187501114,1
1.0199999999999991,-0.20399999999999985,-0.3909999999999997,-5.431126170044435,1
0.9599999999999992,-0.19199999999999984,-0.36799999999999966,-5.337527626212112,1
0.8999999999999991,-0.17999999999999983,-0.34499999999999964,-5.406178621988979,1
0.8399999999999991,-0.16799999999999982,-0.3219999999999996,-4.633956995435628,1
0.779999999999999,-0.1559999999999998,-0.2989999999999996,-5.036727630412227,1
0.719999999999999,-0.1439999999999998,-0.2759999999999996,-4.487161646989902,1
0.6599999999999989,-0.13199999999999978,-0.25299999999999956,-3.1538680432881834,1
0.6000000000000005,-0.1200000000000001,-0.2300000000000002,-3.4122272913262957,1
0.5400000000000005,-0.1080000000000001,-0.20700000000000018,-3.5190682073379778,1
0.4800000000000004,-0.09600000000000009,-0.18400000000000016,-1.947803336980573,1
0.4200000000000004,-0.08400000000000007,-0.16100000000000014,-2.5801978380039268,1
0.3600000000000003,-0.07200000000000006,-0.13800000000000012,-1.8260254762553068,1
0.30000000000000027,-0.06000000000000005,-0.1150000000000001,-2.3743597866542308,1
0.2400000000000002,-0.04800000000000004,-0.09200000000000008,-1.2699247970476102,1
0.18000000000000016,-0.03600000000000003,-0.06900000000000006,-1.201840097671336,1
0.1200000000000001,-0.02400000000000002,-0.04600000000000004,-1.095160569354071,1
0.06000000000000005,-0.01200000000000001,-0.02300000000000002,-0.5304216472191898,1
-0.0,0.0,0.0,-0.20125323325618857,1
-0.06000000000000005,0.01200000000000001,0.02300000000000002,0.4550471302284995,1
-0.1200000000000001,0.02400000000000002,0.04600000000000004,-0.10493191996568735,1
-0.18000000000000016,0.03600000000000003,0.06900000000000006,1.380496010677419,1
-0.2400000000000002,0.04800000000000004,0.09200000000000008,0.9335203852336924,1
-0.30000000000000027,0.06000000000000005,0.1150000000000001,1.7352902064375033,1
-0.3600000000000003,0.07200000000000006,0.13800000000000012,1.9401854629662258,1
-0.4200000000000004,0.08400000000000007,0.16100000000000014,2.5370876646582206,1
-0.4800000000000004,0.09600000000000009,0.18400000000000016,1.950084970760793,1
-0.5400000000000005,0.1080000000000001,0.20700000000000018,3.170627349025045,1
-0.6000000000000005,0.1200000000000001,0.2300000000000002,2.248985394340743,1
-0.6600000000000006,0.13200000000000012,0.2530000000000002,3.5158914905414225,1
-0.7200000000000006,0.14400000000000013,0.27600000000000025,3.194880712843316,1
-0.7800000000000007,0.15600000000000014,0.29900000000000027,3.665152065484936,1
-0.8400000000000007,0.16800000000000015,0.3220000000000003,4.1968542643922335,1
-0.9000000000000008,0.18000000000000016,0.3450000000000003,4.662902337822758,1
-0.9600000000000009,0.19200000000000017,0.3680000000000003,4.873657498693747,1
-1.020000000000001,0.20400000000000018,0.39100000000000035,5.0645461876603255,1
-1.080000000000001,0.2160000000000002,0.41400000000000037,5.185211252657794,1
-1.140000000000001,0.2280000000000002,0.4370000000000004,5.355883849786322,1
-1.200000000000001,0.2400000000000002,0.4600000000000004,5.73213967788386,1
-1.2600000000000011,0.2520000000000002,0.48300000000000043,6.3867852465823844,1
-1.3200000000000012,0.26400000000000023,0.5060000000000004,5.856479611750022,1
-1.3800000000000012,0.27600000000000025,0.5290000000000005,6.975548671763852,1
-1.4400000000000013,0.28800000000000026,0.5520000000000005,6.85641132633574,1
-1.5000000000000013,0.30000000000000027,0.5750000000000005,8.035405487983864,1
-1.5600000000000014,0.3120000000000003,0.5980000000000005,7.95128006647186,1
-1.6200000000000014,0.3240000000000003,0.6210000000000006,8.19564330543261,1
-1.6800000000000015,0.3360000000000003,0.6440000000000006,8.476278247050402,1
-1.7400000000000015,0.3480000000000003,0.6670000000000006,9.059024019708476,1
-1.8000000000000016,0.3600000000000003,0.6900000000000006,8.163436742893133,1
-1.8600000000000017,0.37200000000000033,0.7130000000000006,9.792448014867194,1
-1.9200000000000017,0.38400000000000034,0.7360000000000007,9.076832387412368,1
-1.9800000000000018,0.39600000000000035,0.7590000000000007,9.959297890718503,1
-2.040000000000002,0.40800000000000036,0.7820000000000007,10.936855265189816,1
-2.100000000000002,0.4200000000000004,0.8050000000000007,10.398367850721076,1
-2.160000000000002,0.4320000000000004,0.8280000000000007,10.588842200191182,1
-2.220000000000002,0.4440000000000004,0.8510000000000008,11.048916528097044,1
-2.280000000000002,0.4560000000000004,0.8740000000000008,11.645688058893167,1
-2.339999999999999,0.46799999999999975,0.8969999999999996,11.881251307079129,1
-2.3999999999999986,0.47999999999999976,0.9199999999999995,12.675743512353696,1
-2.459999999999999,0.49199999999999977,0.9429999999999996,12.10023440828767,1
-2.5199999999999987,0.5039999999999998,0.9659999999999995,12.654054066341313,1
-2.579999999999999,0.5159999999999998,0.9889999999999997,13.119834948490059,1
-2.639999999999999,0.5279999999999998,1.0119999999999996,13.931524632076993,1
-2.6999999999999993,0.5399999999999998,1.0349999999999997,13.680613456385307,1
-2.759999999999999,0.5519999999999998,1.0579999999999996,13.775908397287411,1
-2.8199999999999994,0.5639999999999998,1.0809999999999997,13.888573400221903,1
-2.879999999999999,0.5759999999999998,1.1039999999999996,14.17302575606375,1
-2.9399999999999995,0.5879999999999999,1.1269999999999998,15.08975144643211,1
-2.999999999999999,0.5999999999999999,1.1499999999999997,15.073760571154267,1
-3.0599999999999996,0.6119999999999999,1.1729999999999998,15.638587336329753,1
-3.119999999999999,0.6239999999999999,1.1959999999999997,14.962008580870192,1
-3.1799999999999997,0.6359999999999999,1.2189999999999999,15.283664729450852,1
-3.2399999999999993,0.6479999999999999,1.2419999999999998,16.81615507049625,1
-3.3,0.6599999999999999,1.265,16.663464594693625,1
-3.3599999999999994,0.6719999999999999,1.2879999999999998,16.91259352267664,1
-3.42,0.6839999999999999,1.311,16.929299815796764,1
-3.4799999999999995,0.696,1.3339999999999999,17.839737480898997,1
-3.54,0.708,1.357,17.58682837596128,1
-3.5999999999999996,0.72,1.38,17.788806669691223,1
-3.66,0.732,1.403,17.9910109856417,1
-3.7199999999999998,0.744,1.426,18.868313316944192,1
-3.7800000000000002,0.756,1.449,19.06970758857798,1
-3.84,0.768,1.472,19.556706857966166,1
-3.9000000000000004,0.78,1.495,19.784490932813807,1
-3.96,0.792,1.518,20.11187595772966,1
-4.0200000000000005,0.804,1.5410000000000001,20.692492988498394,1
-4.08,0.8160000000000001,1.564,20.41569098258179,1
-4.140000000000001,0.8280000000000001,1.5870000000000002,20.99265250954529,1
-4.2,0.8400000000000001,1.61,21.10659777122819,1
-4.260000000000001,0.8520000000000001,1.6330000000000002,21.44871753041025,1
-4.32,0.8640000000000001,1.6560000000000001,21.71598922560153,1
-4.380000000000001,0.8760000000000001,1.6790000000000003,21.726821828283285,1
-4.44,0.8880000000000001,1.7020000000000002,22.10285864440498,1
-4.500000000000001,0.9000000000000001,1.7250000000000003,22.63700993181162,1
-4.5600000000000005,0.9120000000000001,1.7480000000000002,22.799883532475036,1
-4.620000000000001,0.9240000000000002,1.7710000000000004,23.395048535194704,1
-4.680000000000001,0.9360000000000002,1.7940000000000003,23.86206211509639,1
-4.740000000000001,0.9480000000000002,1.8170000000000004,24.091186564968588,1
-4.800000000000001,0.9600000000000002,1.8400000000000003,23.840383887751567,1
-4.860000000000001,0.9720000000000002,1.8630000000000004,24.29004406011977,1
-4.920000000000001,0.9840000000000002,1.8860000000000003,24.678895310448542,1
-4.980000000000001,0.9960000000000002,1.9090000000000005,25.259570008482363,1
-5.040000000000001,1.0080000000000002,1.9320000000000004,25.981837922426678,1
-5.100000000000001,1.0200000000000002,1.9550000000000005,25.776290562076024,1
-5.160000000000001,1.0320000000000003,1.9780000000000004,25.86715121434866,1
-5.2200000000000015,1.0440000000000003,2.0010000000000003,26.528038181039907,1
-5.280000000000001,1.0560000000000003,2.0240000000000005,25.844125164880683,1
-5.340000000000002,1.0680000000000003,2.0470000000000006,27.331868805125,1
-5.400000000000001,1.0800000000000003,2.0700000000000007,26.772029561012396,1
-5.460000000000002,1.0920000000000003,2.0930000000000004,27.43433613120111,1
-5.520000000000001,1.1040000000000003,2.1160000000000005,28.42576190345005,1
-5.580000000000002,1.1160000000000003,2.1390000000000007,28.263664514478624,1
-5.6400000000000015,1.1280000000000003,2.162000000000001,27.95010225480855,1
-5.700000000000002,1.1400000000000003,2.1850000000000005,28.555174542049897,1
-5.760000000000002,1.1520000000000004,2.2080000000000006,29.16066254512422,1
-5.820000000000002,1.1640000000000004,2.2310000000000008,29.09794417596786,1
-5.880000000000002,1.1760000000000004,2.254000000000001,30.04793460113514,1
-5.940000000000002,1.1880000000000004,2.2770000000000006,30.494907596516416,1
-6.000000000000002,1.2000000000000004,2.3000000000000007,30.48151108127296,1
-6.060000000000002,1.2120000000000004,2.323000000000001,31.03267727153474,1
-6.119999999999999,1.2239999999999998,2.3459999999999996,30.765382915814552,1
-6.179999999999999,1.2359999999999998,2.3689999999999998,31.294888670076222,1
-6.239999999999998,1.2479999999999998,2.3919999999999995,31.96104875084756,1
-6.299999999999999,1.2599999999999998,2.4149999999999996,32.24567369086424,1
-6.359999999999999,1.2719999999999998,2.4379999999999997,32.002367938289105,1
-6.419999999999999,1.2839999999999998,2.4609999999999994,32.85824521317258,1
-6.479999999999999,1.2959999999999998,2.4839999999999995,32.63721978185556,1
-6.539999999999999,1.3079999999999998,2.5069999999999997,32.96141158257698,1
-6.6,1.3199999999999998,2.53,33.433476787678956,1
-6.659999999999999,1.3319999999999999,2.553,33.969438069817144,1
-6.719999999999999,1.3439999999999999,2.5759999999999996,34.01031296176905,1
-6.779999999999999,1.3559999999999999,2.5989999999999998,34.734697507628965,1
-6.84,1.3679999999999999,2.622,34.87352837194516,1
-6.8999999999999995,1.38,2.6449999999999996,35.228292970387585,1
-6.959999999999999,1.392,2.6679999999999997,35.58295704268923,1
-7.02,1.404,2.691,35.56953425945242,1
-7.08,1.416,2.714,36.148670113610606,1
-7.14,1.428,2.737,36.4149898791981,1
-7.199999999999999,1.44,2.76,36.266926198743775,1
-7.26,1.452,2.783,36.66905583779066,1
-7.32,1.464,2.806,37.43950201910231,1
-7.38,1.476,2.8289999999999997,37.48618123277147,1
-7.4399999999999995,1.488,2.852,38.853089239608906,1
-7.5,1.5,2.875,38.11803926527315,1
-7.5600000000000005,1.512,2.898,38.36416015855837,1
-7.62,1.524,2.9210000000000003,38.90439274778949,1
-7.68,1.536,2.944,38.795145252800445,1
-7.74,1.548,2.967,39.46846937269946,1
-7.800000000000001,1.56,2.99,39.91339979549355,1
-7.86,1.572,3.013,39.88253471981155,1
-7.92,1.584,3.036,39.998824165533925,1
-7.98,1.596,3.059,40.87132778251511,1
-8.040000000000001,1.608,3.0820000000000003,41.64633460248928,1
-8.100000000000001,1.62,3.1050000000000004,40.68169075840342,1
-8.16,1.6320000000000001,3.128,41.61803529884361,1
-8.22,1.6440000000000001,3.1510000000000002,41.40553927602092,1
-8.280000000000001,1.6560000000000001,3.1740000000000004,42.400306201366334,1
-8.34,1.6680000000000001,3.197,42.32733496852583,1
-8.4,1.6800000000000002,3.22,43.11191809755996,1
-8.46,1.6920000000000002,3.2430000000000003,42.523813623412266,1
-8.520000000000001,1.7040000000000002,3.2660000000000005,43.62874662128574,1
-8.580000000000002,1.7160000000000002,3.2890000000000006,43.751049744452665,1
-8.64,1.7280000000000002,3.3120000000000003,43.94074516063803,1
-8.700000000000001,1.7400000000000002,3.3350000000000004,44.741034824989484,1
-8.760000000000002,1.7520000000000002,3.3580000000000005,44.26772006981732,1
-8.82,1.7640000000000002,3.3810000000000002,44.634494827668696,1
-8.88,1.7760000000000002,3.4040000000000004,45.2393469432906,1
-8.940000000000001,1.7880000000000003,3.4270000000000005,45.95631613647458,1
-9.000000000000002,1.8000000000000003,3.4500000000000006,46.32582705852521,1
-9.060000000000002,1.8120000000000003,3.4730000000000008,45.36672345564784,1
-9.120000000000001,1.8240000000000003,3.4960000000000004,46.513656255647014,1
-9.180000000000001,1.8360000000000003,3.5190000000000006,46.47672055185479,1
-9.240000000000002,1.8480000000000003,3.5420000000000007,46.86051423775384,1
-9.3,1.8600000000000003,3.5650000000000004,46.40372685700717,1
-9.360000000000001,1.8720000000000003,3.5880000000000005,47.78815979090774,1
-9.420000000000002,1.8840000000000003,3.6110000000000007,48.37002057857585,1
-9.480000000000002,1.8960000000000004,3.634000000000001,47.71026474820102,1
-9.540000000000003,1.9080000000000004,3.657000000000001,48.52206974730783,1
-9.600000000000001,1.9200000000000004,3.6800000000000006,48.393571274746165,1
-9.660000000000002,1.9320000000000004,3.7030000000000007,49.18124961606315,1
-9.720000000000002,1.9440000000000004,3.726000000000001,49.295458141234874,1
-9.780000000000001,1.9560000000000004,3.7490000000000006,49.83368573066771,1
-9.840000000000002,1.9680000000000004,3.7720000000000007,49.70693461122815,1
-9.900000000000002,1.9800000000000004,3.795000000000001,50.75105347185443,1
-9.960000000000003,1.9920000000000004,3.818000000000001,50.64183529353955,1
-10.02,2.0039999999999996,3.8409999999999997,50.89892779477562,1
-10.079999999999998,2.016,3.8639999999999994,51.31462691671607,1
-10.139999999999999,2.0279999999999996,3.8869999999999996,51.44136475241734,1
-10.2,2.04,3.9099999999999997,51.96262687553743,1
-10.26,2.0519999999999996,3.933,51.970726679559924,1
-10.319999999999999,2.064,3.9559999999999995,52.07988974588269,1
-10.379999999999999,2.0759999999999996,3.9789999999999996,52.9305429739106,1
-10.44,2.088,4.002,53.28793806680564,1
-10.5,2.0999999999999996,4.0249999999999995,53.110762286241986,1
-10.559999999999999,2.112,4.048,53.41294060104092,1
-10.62,2.1239999999999997,4.071,53.65448119313908,1
-10.68,2.136,4.093999999999999,54.17173459147399,1
-10.74,2.1479999999999997,4.117,54.47324880874801,1
-10.799999999999999,2.16,4.14,54.58930127496394,1
-10.86,2.1719999999999997,4.163,55.37865941117312,1
-10.92,2.184,4.186,55.073215774832136,1
-10.98,2.1959999999999997,4.209,56.0308283748458,1
-11.04,2.208,4.232,56.46682803630796,1
-11.1,2.2199999999999998,4.255,56.62928094629454,1
-11.16,2.232,4.278,56.921609228269496,1
-11.22,2.2439999999999998,4.301,56.922274239249816,1
-11.28,2.2560000000000002,4.324,57.053776199035035,1
-11.34,2.268,4.347,57.66128207044388,1
-11.4,2.2800000000000002,4.37,57.5327031387235,1
-11.46,2.292,4.393,58.09497186951717,1
-11.52,2.3040000000000003,4.416,58.33599132929212,1
-11.58,2.316,4.439,59.27972710266965,1
-11.64,2.3280000000000003,4.462,59.102993134991074,1
-11.700000000000001,2.34,4.485,59.30701805322469,1
-11.76,2.3520000000000003,4.508,59.60654585434562,1
-11.82,2.364,4.531000000000001,60.51021009402389,1
-11.88,2.3760000000000003,4.554,60.36890291282557,1
-11.940000000000001,2.388,4.577,60.30612877523823,1
-12.0,2.4000000000000004,4.6000000000000005,60.97660447784484,1
-12.06,2.412,4.623,61.061033898277564,1
-12.120000000000001,2.4240000000000004,4.646,61.559022256396794,1
-12.180000000000001,2.436,4.6690000000000005,62.51860901208728,1
-12.24,2.4480000000000004,4.692,61.884525975716386,1
-12.3,2.46,4.715000000000001,62.497542176441044,1
-12.360000000000001,2.4720000000000004,4.738,63.26472236011884,1
-12.420000000000002,2.484,4.761,63.32689637260887,1
-12.48,2.4960000000000004,4.784000000000001,63.584397060990504,1
-12.540000000000001,2.508,4.807,63.83324520683219,1
-12.600000000000001,2.5200000000000005,4.83,63.73525709630625,1
-12.660000000000002,2.532,4.853000000000001,64.40344771987732,1
-12.72,2.5440000000000005,4.876,65.11445341245069,1
-12.780000000000001,2.556,4.899000000000001,64.93716796395847,1
-12.840000000000002,2.5680000000000005,4.922000000000001,65.57184457155684,1
-12.900000000000002,2.58,4.945,65.84333537146118,1
-12.96,2.5920000000000005,4.968000000000001,66.22593600773504,1
-13.020000000000001,2.604,4.9910000000000005,65.83448219171966,1
-13.080000000000002,2.6160000000000005,5.014,66.39023567904933,1
-13.140000000000002,2.628,5.037000000000001,66.86281303332598,1
-13.200000000000001,2.6400000000000006,5.0600000000000005,66.6424798140041,1
-13.260000000000002,2.652,5.083000000000001,67.2929366944305,1
-13.320000000000002,2.6640000000000006,5.106000000000001,67.96519330067333,1
-13.380000000000003,2.676,5.1290000000000004,67.89537826193234,1
-13.440000000000001,2.6880000000000006,5.152000000000001,68.27442831923183,1
-13.500000000000002,2.7,5.175000000000001,69.11443808506667,1
-13.560000000000002,2.7120000000000006,5.198,68.66474534683714,1
-13.620000000000003,2.724,5.221000000000001,69.43906454360808,1
-13.680000000000001,2.7360000000000007,5.244000000000001,69.25234335155565,1
-13.740000000000002,2.748,5.267000000000001,69.7594141005075,1
-13.799999999999999,2.76,5.289999999999999,71.17677199737946,1
-13.86,2.772,5.313,70.51469575345509,1
-13.919999999999998,2.784,5.335999999999999,71.11162055383372,1
-13.979999999999999,2.796,5.359,71.13535317929427,1
-14.04,2.808,5.382,71.6267272798145,1
-14.1,2.82,5.404999999999999,71.98594856113363,1
-14.16,2.832,5.428,72.25607870682886,1
-14.219999999999999,2.844,5.451,72.41664017744549,1
-14.28,2.856,5.474,73.073642576838,1
-14.34,2.868,5.497,72.67559521571077,1
-14.399999999999999,2.88,5.52,73.99220423052333,1
-14.459999999999999,2.892,5.543,73.81266185723132,1
-14.52,2.904,5.566,74.14559255153019,1
-14.58,2.916,5.5889999999999995,74.4539896877916,1
-14.64,2.928,5.612,74.4480687775492,1
-14.7,2.94,5.635,75.52606923803583,1
-14.76,2.952,5.6579999999999995,75.37217533187979,1
-14.82,2.964,5.681,75.21081140335336,1
-14.879999999999999,2.976,5.704,75.34092105023088,1
-14.94,2.988,5.727,75.60189947400573,1
-15.0,3.0,5.75,76.12968749666912,1
