1002
V1,V2,V3,V4,Class
Continuous,Continuous,Continuous,Continuous,Nominal
15.0,-3.0,-5.75,-76.48473158548893,0
14.94,-2.988,-5.727,-75.78589033154272,0
14.879999999999999,-2.976,-5.704,-75.50834428917038,0
14.82,-2.964,-5.681,-75.19232256556704,0
14.76,-2.952,-5.6579999999999995,-74.65197270922229,0
14.7,-2.94,-5.635,-74.68364938531158,0
14.64,-2.928,-5.612,-73.92044498608277,0
14.58,-2.916,-5.5889999999999995,-73.72525749402834,0
14.52,-2.904,-5.566,-73.8601116912317,0
14.459999999999999,-2.892,-5.543,-73.46459401399973,0
14.399999999999999,-2.88,-5.52,-73.46361089241539,0
14.34,-2.868,-5.497,-72.69917007624106,0
14.28,-2.856,-5.474,-72.22792997061487,0
14.219999999999999,-2.844,-5.451,-72.14667341287989,0
14.16,-2.832,-5.428,-72.09425333500441,0
14.1,-2.82,-5.404999999999999,-72.28393481601815,0
14.04,-2.808,-5.382,-71.22929188951227,0
13.979999999999999,-2.796,-5.359,-70.78684143709572,0
13.919999999999998,-2.784,-5.335999999999999,-70.68949715789694,0
13.860000000000001,-2.7720000000000002,-5.313000000000001,-70.3843235496144,0
13.8,-2.7600000000000002,-5.29,-70.23766920267443,0
13.74,-2.748,-5.267,-69.41988776892812,0
13.68,-2.736,-5.244,-70.06812534800503,0
13.620000000000001,-2.724,-5.221,-68.9600016205156,0
13.56,-2.712,-5.198,-68.85412134078202,0
13.5,-2.7,-5.175,-68.77986795822252,0
13.44,-2.688,-5.152,-68.65238862226006,0
13.38,-2.676,-5.1290000000000004,-67.67246318749858,0
13.32,-2.664,-5.106,-67.77300693591958,0
13.26,-2.652,-5.083,-67.61794809681692,0
13.2,-2.64,-5.06,-67.14252247934648,0
13.14,-2.628,-5.037,-65.9623513823742,0
13.08,-2.616,-5.014,-66.08518801605304,0
13.02,-2.604,-4.991,-66.50613236314322,0
12.959999999999999,-2.592,-4.968,-65.74859914538993,0
12.9,-2.58,-4.945,-65.7329374306438,0
12.84,-2.568,-4.922,-65.28475956208769,0
12.78,-2.556,-4.899,-65.34219645876856,0
12.719999999999999,-2.544,-4.8759999999999994,-64.39554930504582,0
12.66,-2.532,-4.853,-63.856339865927175,0
12.6,-2.52,-4.83,-64.3450216176651,0
12.54,-2.508,-4.8069999999999995,-63.13509273587915,0
12.479999999999999,-2.496,-4.784,-63.665052952389736,0
12.42,-2.484,-4.761,-62.95736299926057,0
12.360000000000001,-2.4720000000000004,-4.738,-63.16103606182676,0
12.3,-2.46,-4.715000000000001,-62.711137962736764,0
12.24,-2.4480000000000004,-4.692,-61.63643653861191,0
12.180000000000001,-2.436,-4.6690000000000005,-61.83454703123626,0
12.120000000000001,-2.4240000000000004,-4.646,-61.56075529305763,0
12.06,-2.412,-4.623,-60.945646072157864,0
12.0,-2.4000000000000004,-4.6000000000000005,-60.744550923288095,0
11.940000000000001,-2.388,-4.577,-60.4988945577687,0
11.88,-2.3760000000000003,-4.554,-60.64673669114175,0
11.82,-2.364,-4.531000000000001,-59.06502924138127,0
11.76,-2.3520000000000003,-4.508,-60.05168014019735,0
11.700000000000001,-2.34,-4.485,-59.10100205660758,0
11.64,-2.3280000000000003,-4.462,-58.26591582409295,0
11.58,-2.316,-4.439,-58.82322999419588,0
11.52,-2.3040000000000003,-4.416,-58.45724733414346,0
11.46,-2.292,-4.393,-58.44842342863645,0
11.4,-2.2800000000000002,-4.37,-58.06726502082954,0
11.34,-2.268,-4.347,-57.211923470195465,0
11.28,-2.2560000000000002,-4.324,-56.66613859716579,0
11.22,-2.2439999999999998,-4.301,-57.210553360418764,0
11.16,-2.232,-4.278,-56.18506966972724,0
11.1,-2.2199999999999998,-4.255,-56.6757671198932,0
11.04,-2.208,-4.232,-56.152702692716204,0
10.98,-2.1959999999999997,-4.209,-55.977832305707516,0
10.92,-2.184,-4.186,-54.41411999862453,0
10.86,-2.1719999999999997,-4.163,-55.20205765631852,0
10.799999999999999,-2.16,-4.14,-54.706978584877035,0
10.74,-2.1479999999999997,-4.117,-54.417164841721984,0
10.68,-2.136,-4.093999999999999,-54.16430978004549,0
10.62,-2.1239999999999997,-4.071,-53.87826837302536,0
10.559999999999999,-2.112,-4.048,-53.54643605980452,0
10.5,-2.0999999999999996,-4.0249999999999995,-53.89494208508979,0
10.44,-2.088,-4.002,-53.33311420765833,0
10.379999999999999,-2.0759999999999996,-3.9789999999999996,-53.14579630937987,0
10.319999999999999,-2.064,-3.9559999999999995,-52.306924958737845,0
10.26,-2.0519999999999996,-3.933,-52.57922887641207,0
10.2,-2.04,-3.9099999999999997,-52.147962086229846,0
10.139999999999999,-2.0279999999999996,-3.8869999999999996,-51.34294599148956,0
10.079999999999998,-2.016,-3.8639999999999994,-51.50890007710964,0
10.02,-2.0039999999999996,-3.8409999999999997,-50.97332112983913,0
9.959999999999999,-1.9919999999999998,-3.8179999999999996,-50.820978114238564,0
9.899999999999999,-1.9799999999999998,-3.7949999999999995,-50.51246001079992,0
9.839999999999998,-1.9679999999999997,-3.7719999999999994,-49.35619934019818,0
9.78,-1.9559999999999997,-3.7489999999999997,-49.54760168487317,0
9.72,-1.944,-3.726,-49.205780850535994,0
9.66,-1.932,-3.7030000000000003,-48.847621602137664,0
9.6,-1.92,-3.68,-48.26785593674989,0
9.540000000000001,-1.908,-3.657,-48.52336982607377,0
9.48,-1.896,-3.634,-47.60276810232691,0
9.42,-1.884,-3.611,-47.756181696888916,0
9.36,-1.8719999999999999,-3.588,-47.113130171405295,0
9.3,-1.8599999999999999,-3.565,-47.37456460839103,0
9.24,-1.8479999999999999,-3.542,-46.5498388250114,0
9.18,-1.8359999999999999,-3.519,-46.12047538946305,0
9.12,-1.8239999999999998,-3.496,-46.233402804095036,0
9.06,-1.8119999999999998,-3.473,-45.23594429234254,0
9.0,-1.7999999999999998,-3.4499999999999997,-45.38293921383666,0
8.94,-1.7879999999999998,-3.427,-45.11863558560143,0
8.879999999999999,-1.7759999999999998,-3.404,-45.145906191106484,0
8.82,-1.7639999999999998,-3.381,-44.78565121090171,0
8.76,-1.7519999999999998,-3.3579999999999997,-44.03377922192638,0
8.700000000000001,-1.7400000000000002,-3.3350000000000004,-44.661185446307385,0
8.64,-1.7280000000000002,-3.3120000000000003,-43.828593396447076,0
8.580000000000002,-1.7160000000000002,-3.2890000000000006,-42.810900197996574,0
8.520000000000001,-1.7040000000000002,-3.2660000000000005,-42.965782610300764,0
8.46,-1.6920000000000002,-3.2430000000000003,-42.88566391293009,0
8.4,-1.6800000000000002,-3.22,-42.37825117897815,0
8.34,-1.6680000000000001,-3.197,-41.69577369303266,0
8.280000000000001,-1.6560000000000001,-3.1740000000000004,-42.45623830687471,0
8.22,-1.6440000000000001,-3.1510000000000002,-41.92758118898168,0
8.16,-1.6320000000000001,-3.128,-41.9986767341308,0
8.100000000000001,-1.62,-3.1050000000000004,-40.75551760108444,0
8.040000000000001,-1.608,-3.0820000000000003,-40.907356745559845,0
7.98,-1.596,-3.059,-40.53937558328079,0
7.92,-1.584,-3.036,-39.752293227172835,0
7.86,-1.572,-3.013,-39.85587229312772,0
7.800000000000001,-1.56,-2.99,-38.989150601097,0
7.74,-1.548,-2.967,-39.04693704014098,0
7.68,-1.536,-2.944,-39.126508852101914,0
7.62,-1.524,-2.9210000000000003,-38.297611157318364,0
7.5600000000000005,-1.512,-2.898,-38.68853029959759,0
7.5,-1.5,-2.875,-38.28402754911038,0
7.4399999999999995,-1.488,-2.852,-37.67554444673642,0
7.38,-1.476,-2.8289999999999997,-37.540171872996844,0
7.32,-1.464,-2.806,-37.3451773982397,0
7.26,-1.452,-2.783,-36.638114465328066,0
7.199999999999999,-1.44,-2.76,-36.29764451854329,0
7.14,-1.428,-2.737,-35.82974944890359,0
7.08,-1.416,-2.714,-36.47608302492822,0
7.02,-1.404,-2.691,-35.46364930031736,0
6.959999999999999,-1.392,-2.6679999999999997,-33.970017362442114,0
6.8999999999999995,-1.38,-2.6449999999999996,-34.80072747816011,0
6.84,-1.3679999999999999,-2.622,-34.49320351330939,0
6.779999999999999,-1.3559999999999999,-2.5989999999999998,-34.107364351876875,0
6.719999999999999,-1.3439999999999999,-2.5759999999999996,-33.85571740747759,0
6.659999999999999,-1.3319999999999999,-2.553,-33.10595450467265,0
6.6,-1.3199999999999998,-2.53,-33.500806032377476,0
6.539999999999999,-1.3079999999999998,-2.5069999999999997,-32.88671050272594,0
6.479999999999999,-1.2959999999999998,-2.4839999999999995,-33.01027040755078,0
6.419999999999999,-1.2839999999999998,-2.4609999999999994,-32.404699224166386,0
6.359999999999999,-1.2719999999999998,-2.4379999999999997,-31.42401713585421,0
6.300000000000001,-1.2600000000000002,-2.415,-31.503978971838396,0
6.24,-1.2480000000000002,-2.3920000000000003,-31.20878894424332,0
6.180000000000001,-1.2360000000000002,-2.369,-31.501257973213928,0
6.12,-1.2240000000000002,-2.346,-31.06954703716798,0
6.0600000000000005,-1.2120000000000002,-2.323,-30.54224047562945,0
6.0,-1.2000000000000002,-2.3000000000000003,-29.901596676886744,0
5.94,-1.1880000000000002,-2.277,-30.271615469488854,0
5.88,-1.1760000000000002,-2.254,-29.256471080700646,0
5.82,-1.1640000000000001,-2.231,-28.993952143178152,0
5.76,-1.1520000000000001,-2.208,-29.112675350942894,0
5.7,-1.1400000000000001,-2.185,-29.135147788845956,0
5.64,-1.1280000000000001,-2.162,-27.879401029263512,0
5.58,-1.116,-2.139,-28.126617130274276,0
5.52,-1.104,-2.116,-28.437917137952034,0
5.46,-1.092,-2.093,-26.9540313426437,0
5.3999999999999995,-1.08,-2.07,-27.12067145787428,0
5.34,-1.068,-2.0469999999999997,-26.82307691868092,0
5.279999999999999,-1.056,-2.024,-26.592451865740397,0
5.22,-1.044,-2.001,-25.84389816672332,0
5.159999999999999,-1.032,-1.9779999999999998,-26.32734760611559,0
5.1,-1.02,-1.9549999999999998,-25.509478768978582,0
5.039999999999999,-1.008,-1.9319999999999997,-25.161238478294862,0
4.9799999999999995,-0.9959999999999999,-1.9089999999999998,-24.774278012124615,0
4.919999999999999,-0.9839999999999999,-1.8859999999999997,-24.818967271980764,0
4.859999999999999,-0.9719999999999999,-1.8629999999999998,-24.422985467939945,0
4.799999999999999,-0.9599999999999999,-1.8399999999999996,-24.925056056428595,0
4.739999999999999,-0.9479999999999998,-1.8169999999999997,-23.49065326098881,0
4.679999999999999,-0.9359999999999998,-1.7939999999999996,-23.65663295174223,0
4.619999999999999,-0.9239999999999998,-1.7709999999999997,-23.470406205576747,0
4.559999999999999,-0.9119999999999998,-1.7479999999999996,-22.96140852651141,0
4.499999999999999,-0.8999999999999998,-1.7249999999999996,-22.57592171754138,0
4.44,-0.8880000000000001,-1.7020000000000002,-21.760723133256004,0
4.380000000000001,-0.8760000000000001,-1.6790000000000003,-22.196184680958467,0
4.32,-0.8640000000000001,-1.6560000000000001,-21.4361720040565,0
4.260000000000001,-0.8520000000000001,-1.6330000000000002,-21.097973981652657,0
4.2,-0.8400000000000001,-1.61,-20.966648570548745,0
4.140000000000001,-0.8280000000000001,-1.5870000000000002,-21.00724749659003,0
4.08,-0.8160000000000001,-1.564,-20.43530188328611,0
4.0200000000000005,-0.804,-1.5410000000000001,-20.18190271390979,0
3.96,-0.792,-1.518,-20.03485235800568,0
3.9000000000000004,-0.78,-1.495,-20.204727766239607,0
3.84,-0.768,-1.472,-19.165308299569382,0
3.7800000000000002,-0.756,-1.449,-19.095663718673446,0
3.7199999999999998,-0.744,-1.426,-18.457938220162205,0
3.66,-0.732,-1.403,-18.01326612301266,0
3.5999999999999996,-0.72,-1.38,-18.288951276375983,0
3.54,-0.708,-1.357,-17.43050451110304,0
3.4799999999999995,-0.696,-1.3339999999999999,-17.182922029087827,0
3.42,-0.6839999999999999,-1.311,-17.301566526616845,0
3.3599999999999994,-0.6719999999999999,-1.2879999999999998,-16.52117787368609,0
3.3,-0.6599999999999999,-1.265,-16.2092961773099,0
3.2399999999999993,-0.6479999999999999,-1.2419999999999998,-16.104157540694857,0
3.1799999999999997,-0.6359999999999999,-1.2189999999999999,-15.926243044006041,0
3.119999999999999,-0.6239999999999999,-1.1959999999999997,-15.460114069847657,0
3.0599999999999996,-0.6119999999999999,-1.1729999999999998,-15.471281781034845,0
2.999999999999999,-0.5999999999999999,-1.1499999999999997,-15.022878344700093,0
2.9399999999999995,-0.5879999999999999,-1.1269999999999998,-14.452929995750099,0
2.879999999999999,-0.5759999999999998,-1.1039999999999996,-14.13713687409612,0
2.8199999999999994,-0.5639999999999998,-1.0809999999999997,-14.529853736020137,0
2.759999999999999,-0.5519999999999998,-1.0579999999999996,-14.237659398689186,0
2.6999999999999993,-0.5399999999999998,-1.0349999999999997,-13.607415832736075,0
2.639999999999999,-0.5279999999999998,-1.0119999999999996,-12.9516725090373,0
2.579999999999999,-0.5159999999999998,-0.9889999999999997,-12.97792063454411,0
2.5199999999999987,-0.5039999999999998,-0.9659999999999995,-12.756209526504348,0
2.4600000000000004,-0.4920000000000001,-0.9430000000000002,-12.3974955954811,0
2.4000000000000004,-0.4800000000000001,-0.9200000000000002,-12.038660391371295,0
2.3400000000000003,-0.4680000000000001,-0.8970000000000001,-11.229129646714844,0
2.2800000000000002,-0.45600000000000007,-0.8740000000000001,-11.348410143385479,0
2.22,-0.44400000000000006,-0.8510000000000001,-10.59796822357155,0
2.16,-0.43200000000000005,-0.8280000000000001,-11.18559528638405,0
2.1,-0.42000000000000004,-0.805,-10.537222815656094,0
2.04,-0.40800000000000003,-0.782,-9.960114657285182,0
1.98,-0.396,-0.759,-9.73468614946823,0
1.92,-0.384,-0.736,-9.886732231234195,0
1.8599999999999999,-0.372,-0.713,-9.206546934368552,0
1.7999999999999998,-0.36,-0.69,-8.87451397895709,0
1.7399999999999998,-0.348,-0.6669999999999999,-8.779351938895084,0
1.6799999999999997,-0.33599999999999997,-0.6439999999999999,-8.691549618242444,0
1.6199999999999997,-0.32399999999999995,-0.6209999999999999,-8.141019523573702,0
1.5599999999999996,-0.31199999999999994,-0.5979999999999999,-6.836501321903872,0
1.4999999999999996,-0.29999999999999993,-0.5749999999999998,-7.2236259714829885,0
1.4399999999999995,-0.2879999999999999,-0.5519999999999998,-6.999503818627433,0
1.3799999999999994,-0.2759999999999999,-0.5289999999999998,-6.877980387320048,0
1.3199999999999994,-0.2639999999999999,-0.5059999999999998,-6.847822534341358,0
1.2599999999999993,-0.2519999999999999,-0.48299999999999976,-6.005956095790552,0
1.1999999999999993,-0.23999999999999988,-0.45999999999999974,-5.871989761272807,0
1.1399999999999992,-0.22799999999999987,-0.4369999999999997,-5.5184950039011005,0
1.0799999999999992,-0.21599999999999986,-0.4139999999999997,-4.883716814471587,0
1.0199999999999991,-0.20399999999999985,-0.3909999999999997,-4.639789615915357,0
0.9599999999999992,-0.19199999999999984,-0.36799999999999966,-4.366309181110613,0
0.8999999999999991,-0.17999999999999983,-0.34499999999999964,-3.5480430011790216,0
0.8399999999999991,-0.16799999999999982,-0.3219999999999996,-3.944651616610464,0
0.779999999999999,-0.1559999999999998,-0.2989999999999996,-3.671885933474431,0
0.719999999999999,-0.1439999999999998,-0.2759999999999996,-2.8370997567776524,0
0.6599999999999989,-0.13199999999999978,-0.25299999999999956,-3.259593495506792,0
0.6000000000000005,-0.1200000000000001,-0.2300000000000002,-2.342774454935751,0
0.5400000000000005,-0.1080000000000001,-0.20700000000000018,-2.827907280618873,0
0.4800000000000004,-0.09600000000000009,-0.18400000000000016,-1.7628022069913052,0
0.4200000000000004,-0.08400000000000007,-0.16100000000000014,-2.223226263663346,0
0.3600000000000003,-0.07200000000000006,-0.13800000000000012,-1.6833890452895055,0
0.30000000000000027,-0.06000000000000005,-0.1150000000000001,-0.9871133278969914,0
0.2400000000000002,-0.04800000000000004,-0.09200000000000008,-0.8942769942141692,0
0.18000000000000016,-0.03600000000000003,-0.06900000000000006,-0.48046913641077926,0
0.1200000000000001,-0.02400000000000002,-0.04600000000000004,-0.14800617780633396,0
0.06000000000000005,-0.01200000000000001,-0.02300000000000002,0.5242637948809802,0
-0.0,0.0,0.0,-0.044671047492945926,0
-0.06000000000000005,0.01200000000000001,0.02300000000000002,0.7943333012692042,0
-0.1200000000000001,0.02400000000000002,0.04600000000000004,0.5778703108314878,0
-0.18000000000000016,0.03600000000000003,0.06900000000000006,1.2320042220001333,0
-0.2400000000000002,0.04800000000000004,0.09200000000000008,1.306150879010748,0
-0.30000000000000027,0.06000000000000005,0.1150000000000001,1.988240870664887,0
-0.3600000000000003,0.07200000000000006,0.13800000000000012,1.652713469463623,0
-0.4200000000000004,0.08400000000000007,0.16100000000000014,2.7236211778559793,0
-0.4800000000000004,0.09600000000000009,0.18400000000000016,2.958241541460126,0
-0.5400000000000005,0.1080000000000001,0.20700000000000018,2.9897077421689024,0
-0.6000000000000005,0.1200000000000001,0.2300000000000002,3.6428865615182078,0
-0.6600000000000006,0.13200000000000012,0.2530000000000002,4.514147481446015,0
-0.7200000000000006,0.14400000000000013,0.27600000000000025,4.460727413936343,0
-0.7800000000000007,0.15600000000000014,0.29900000000000027,3.9049734265986937,0
-0.8400000000000007,0.16800000000000015,0.3220000000000003,5.090547659675191,0
-0.9000000000000008,0.18000000000000016,0.3450000000000003,5.209381721961839,0
-0.9600000000000009,0.19200000000000017,0.3680000000000003,4.7531550073734765,0
-1.020000000000001,0.20400000000000018,0.39100000000000035,5.6905810815287365,0
-1.080000000000001,0.2160000000000002,0.41400000000000037,6.110901167030945,0
-1.140000000000001,0.2280000000000002,0.4370000000000004,6.1329115734604835,0
-1.200000000000001,0.2400000000000002,0.4600000000000004,7.176223489245127,0
-1.2600000000000011,0.2520000000000002,0.48300000000000043,6.893663349382099,0
-1.3200000000000012,0.26400000000000023,0.5060000000000004,7.301815686399411,0
-1.3800000000000012,0.27600000000000025,0.5290000000000005,7.050354766101916,0
-1.4400000000000013,0.28800000000000026,0.5520000000000005,7.169653679599703,0
-1.5000000000000013,0.30000000000000027,0.5750000000000005,7.663232512238643,0
-1.5600000000000014,0.3120000000000003,0.5980000000000005,7.849814861155554,0
-1.6200000000000014,0.3240000000000003,0.6210000000000006,8.816809847425697,0
-1.6800000000000015,0.3360000000000003,0.6440000000000006,8.838304647422719,0
-1.7400000000000015,0.3480000000000003,0.6670000000000006,9.748641229170836,0
-1.8000000000000016,0.3600000000000003,0.6900000000000006,9.564237121084846,0
-1.8600000000000017,0.37200000000000033,0.7130000000000006,10.61306467376718,0
-1.9200000000000017,0.38400000000000034,0.7360000000000007,10.90623701235252,0
-1.9800000000000018,0.39600000000000035,0.7590000000000007,10.293236057260195,0
-2.040000000000002,0.40800000000000036,0.7820000000000007,10.937193935220545,0
-2.100000000000002,0.4200000000000004,0.8050000000000007,11.115702343485664,0
-2.160000000000002,0.4320000000000004,0.8280000000000007,10.707756677654782,0
-2.220000000000002,0.4440000000000004,0.8510000000000008,12.019387221747387,0
-2.280000000000002,0.4560000000000004,0.8740000000000008,11.282793793067745,0
-2.339999999999999,0.46799999999999975,0.8969999999999996,12.5190503937957,0
-2.3999999999999986,0.47999999999999976,0.9199999999999995,12.07076043677228,0
-2.459999999999999,0.49199999999999977,0.9429999999999996,13.27351873276401,0
-2.5199999999999987,0.5039999999999998,0.9659999999999995,13.685526069268889,0
-2.579999999999999,0.5159999999999998,0.9889999999999997,13.693639724071813,0
-2.639999999999999,0.5279999999999998,1.0119999999999996,14.16456268830503,0
-2.6999999999999993,0.5399999999999998,1.0349999999999997,14.277445195400446,0
-2.759999999999999,0.5519999999999998,1.0579999999999996,14.442132238955624,0
-2.8199999999999994,0.5639999999999998,1.0809999999999997,14.995754849418953,0
-2.879999999999999,0.5759999999999998,1.1039999999999996,15.092310084469078,0
-2.9399999999999995,0.5879999999999999,1.1269999999999998,15.540942310608152,0
-2.999999999999999,0.5999999999999999,1.1499999999999997,15.443083263055069,0
-3.0599999999999996,0.6119999999999999,1.1729999999999998,16.08872814593749,0
-3.119999999999999,0.6239999999999999,1.1959999999999997,16.79817735799586,0
-3.1799999999999997,0.6359999999999999,1.2189999999999999,16.34589925978061,0
-3.2399999999999993,0.6479999999999999,1.2419999999999998,16.800155450851353,0
-3.3,0.6599999999999999,1.265,17.64732495339746,0
-3.3599999999999994,0.6719999999999999,1.2879999999999998,17.797561744978623,0
-3.42,0.6839999999999999,1.311,17.355890292795166,0
-3.4799999999999995,0.696,1.3339999999999999,18.784900174330474,0
-3.54,0.708,1.357,18.454013923331434,0
-3.5999999999999996,0.72,1.38,18.708494325713787,0
-3.66,0.732,1.403,19.325593978745506,0
-3.7199999999999998,0.744,1.426,19.42112138181881,0
-3.7800000000000002,0.756,1.449,19.73610914494643,0
-3.84,0.768,1.472,20.231468367763,0
-3.9000000000000004,0.78,1.495,20.435375800452345,0
-3.96,0.792,1.518,20.393037971022185,0
-4.0200000000000005,0.804,1.5410000000000001,20.230513628907065,0
-4.08,0.8160000000000001,1.564,21.3064509875602,0
-4.140000000000001,0.8280000000000001,1.5870000000000002,21.216501766251447,0
-4.2,0.8400000000000001,1.61,22.498761410727997,0
-4.260000000000001,0.8520000000000001,1.6330000000000002,22.128206252337982,0
-4.32,0.8640000000000001,1.6560000000000001,21.97169213654017,0
-4.380000000000001,0.8760000000000001,1.6790000000000003,23.035000738440882,0
-4.44,0.8880000000000001,1.7020000000000002,23.30580264382238,0
-4.500000000000001,0.9000000000000001,1.7250000000000003,22.958100315308275,0
-4.5600000000000005,0.9120000000000001,1.7480000000000002,23.76650405872593,0
-4.620000000000001,0.9240000000000002,1.7710000000000004,23.633432344224886,0
-4.680000000000001,0.9360000000000002,1.7940000000000003,24.94590596086638,0
-4.740000000000001,0.9480000000000002,1.8170000000000004,24.657350015741898,0
-4.800000000000001,0.9600000000000002,1.8400000000000003,24.568337101897782,0
-4.860000000000001,0.9720000000000002,1.8630000000000004,25.190459115471985,0
-4.920000000000001,0.9840000000000002,1.8860000000000003,25.256472280327774,0
-4.980000000000001,0.9960000000000002,1.9090000000000005,25.459482587886527,0
-5.040000000000001,1.0080000000000002,1.9320000000000004,26.094836681100013,0
-5.100000000000001,1.0200000000000002,1.9550000000000005,26.281977442451762,0
-5.160000000000001,1.0320000000000003,1.9780000000000004,26.708176406372562,0
-5.2200000000000015,1.0440000000000003,2.0010000000000003,26.636160719541735,0
-5.280000000000001,1.0560000000000003,2.0240000000000005,27.698299686732494,0
-5.340000000000002,1.0680000000000003,2.0470000000000006,28.01934970555715,0
-5.400000000000001,1.0800000000000003,2.0700000000000007,28.11458580258135,0
-5.460000000000002,1.0920000000000003,2.0930000000000004,28.232017276702965,0
-5.520000000000001,1.1040000000000003,2.1160000000000005,28.56514665295696,0
-5.580000000000002,1.1160000000000003,2.1390000000000007,29.033348251117737,0
-5.6400000000000015,1.1280000000000003,2.162000000000001,29.083135867706602,0
-5.700000000000002,1.1400000000000003,2.1850000000000005,29.328518092499166,0
-5.760000000000002,1.1520000000000004,2.2080000000000006,29.622149494640453,0
-5.820000000000002,1.1640000000000004,2.2310000000000008,29.508641386767835,0
-5.880000000000002,1.1760000000000004,2.254000000000001,30.86448556981068,0
-5.940000000000002,1.1880000000000004,2.2770000000000006,30.4871588713583,0
-6.000000000000002,1.2000000000000004,2.3000000000000007,31.326596497998803,0
-6.060000000000002,1.2120000000000004,2.323000000000001,31.031150431668628,0
-6.119999999999999,1.2239999999999998,2.3459999999999996,31.880102049731153,0
-6.179999999999999,1.2359999999999998,2.3689999999999998,32.0188410273307,0
-6.239999999999998,1.2479999999999998,2.3919999999999995,32.505174852670564,0
-6.299999999999999,1.2599999999999998,2.4149999999999996,32.82724899965636,0
-6.359999999999999,1.2719999999999998,2.4379999999999997,33.13711760980286,0
-6.419999999999999,1.2839999999999998,2.4609999999999994,33.41641585250846,0
-6.479999999999999,1.2959999999999998,2.4839999999999995,32.831722476287354,0
-6.539999999999999,1.3079999999999998,2.5069999999999997,33.72578613336716,0
-6.6,1.3199999999999998,2.53,34.496409823812556,0
-6.659999999999999,1.3319999999999999,2.553,34.19348084015931,0
-6.719999999999999,1.3439999999999999,2.5759999999999996,34.77709066939794,0
-6.779999999999999,1.3559999999999999,2.5989999999999998,35.642030078898856,0
-6.84,1.3679999999999999,2.622,35.713907505699396,0
-6.8999999999999995,1.38,2.6449999999999996,35.18147153677118,0
-6.959999999999999,1.392,2.6679999999999997,35.711058429875365,0
-7.02,1.404,2.691,36.63891240478829,0
-7.08,1.416,2.714,36.395735448324494,0
-7.14,1.428,2.737,36.667054646550795,0
-7.199999999999999,1.44,2.76,37.73124469631093,0
-7.26,1.452,2.783,37.23339155120306,0
-7.32,1.464,2.806,38.10498376683759,0
-7.38,1.476,2.8289999999999997,38.64984043489156,0
-7.4399999999999995,1.488,2.852,37.853135000061066,0
-7.5,1.5,2.875,38.37582768895032,0
-7.5600000000000005,1.512,2.898,38.824795796556096,0
-7.62,1.524,2.9210000000000003,39.49327053803641,0
-7.68,1.536,2.944,39.903451753952424,0
-7.74,1.548,2.967,39.888043209135354,0
-7.800000000000001,1.56,2.99,40.3032969427644,0
-7.86,1.572,3.013,40.45859517820054,0
-7.92,1.584,3.036,41.45895016120113,0
-7.98,1.596,3.059,41.491201091152064,0
-8.040000000000001,1.608,3.0820000000000003,41.675392489043276,0
-8.100000000000001,1.62,3.1050000000000004,41.971889518000744,0
-8.16,1.6320000000000001,3.128,42.17270970330379,0
-8.22,1.6440000000000001,3.1510000000000002,42.27249489400551,0
-8.280000000000001,1.6560000000000001,3.1740000000000004,43.36843959476919,0
-8.34,1.6680000000000001,3.197,43.50052272711391,0
-8.4,1.6800000000000002,3.22,43.237515858814966,0
-8.46,1.6920000000000002,3.2430000000000003,43.131646771639886,0
-8.520000000000001,1.7040000000000002,3.2660000000000005,43.92397450668174,0
-8.580000000000002,1.7160000000000002,3.2890000000000006,44.150543199076154,0
-8.64,1.7280000000000002,3.3120000000000003,44.646837995181286,0
-8.700000000000001,1.7400000000000002,3.3350000000000004,44.83188754342433,0
-8.760000000000002,1.7520000000000002,3.3580000000000005,44.992393456194485,0
-8.82,1.7640000000000002,3.3810000000000002,45.77387688027641,0
-8.88,1.7760000000000002,3.4040000000000004,45.479785113026345,0
-8.940000000000001,1.7880000000000003,3.4270000000000005,45.8928157056931,0
-9.000000000000002,1.8000000000000003,3.4500000000000006,46.10544286653376,0
-9.060000000000002,1.8120000000000003,3.4730000000000008,46.90594346494224,0
-9.120000000000001,1.8240000000000003,3.4960000000000004,47.04232380185202,0
-9.180000000000001,1.8360000000000003,3.5190000000000006,47.74519449076024,0
-9.240000000000002,1.8480000000000003,3.5420000000000007,47.903942656261414,0
-9.3,1.8600000000000003,3.5650000000000004,48.52924724705015,0
-9.360000000000001,1.8720000000000003,3.5880000000000005,48.53443556368527,0
-9.420000000000002,1.8840000000000003,3.6110000000000007,48.36343403650077,0
-9.480000000000002,1.8960000000000004,3.634000000000001,48.42254851678295,0
-9.540000000000003,1.9080000000000004,3.657000000000001,48.462933685475,0
-9.600000000000001,1.9200000000000004,3.6800000000000006,49.76854479244646,0
-9.660000000000002,1.9320000000000004,3.7030000000000007,50.19175408907825,0
-9.720000000000002,1.9440000000000004,3.726000000000001,50.48899671064278,0
-9.780000000000001,1.9560000000000004,3.7490000000000006,50.653140586546776,0
-9.840000000000002,1.9680000000000004,3.7720000000000007,50.71106356224288,0
-9.900000000000002,1.9800000000000004,3.795000000000001,51.09315271305234,0
-9.960000000000003,1.9920000000000004,3.818000000000001,50.98754103700335,0
-10.02,2.0039999999999996,3.8409999999999997,51.210862531873886,0
-10.079999999999998,2.016,3.8639999999999994,52.55613303958513,0
-10.139999999999999,2.0279999999999996,3.8869999999999996,52.72327492475169,0
-10.2,2.04,3.9099999999999997,52.84314659673186,0
-10.26,2.0519999999999996,3.933,52.707648103649056,0
-10.319999999999999,2.064,3.9559999999999995,53.17916032705422,0
-10.379999999999999,2.0759999999999996,3.9789999999999996,53.711096612751426,0
-10.44,2.088,4.002,54.04585270915366,0
-10.5,2.0999999999999996,4.0249999999999995,54.20629471908093,0
-10.559999999999999,2.112,4.048,54.18897324696776,0
-10.62,2.1239999999999997,4.071,54.62980130962389,0
-10.68,2.136,4.093999999999999,55.076502603302586,0
-10.74,2.1479999999999997,4.117,55.05643550866994,0
-10.799999999999999,2.16,4.14,55.68305812282361,0
-10.86,2.1719999999999997,4.163,55.412785000584066,0
-10.92,2.184,4.186,56.63146541028784,0
-10.98,2.1959999999999997,4.209,56.96679277448111,0
-11.04,2.208,4.232,56.79102317958023,0
-11.1,2.2199999999999998,4.255,57.16353816501307,0
-11.16,2.232,4.278,57.08137116510191,0
-11.22,2.2439999999999998,4.301,57.51295113364939,0
-11.28,2.2560000000000002,4.324,57.85387418867616,0
-11.34,2.268,4.347,58.349752742004355,0
-11.4,2.2800000000000002,4.37,57.96230276888515,0
-11.46,2.292,4.393,58.96938097098249,0
-11.52,2.3040000000000003,4.416,59.25117076967499,0
-11.58,2.316,4.439,59.82237853131894,0
-11.64,2.3280000000000003,4.462,59.48992484831985,0
-11.700000000000001,2.34,4.485,60.43723562641885,0
-11.76,2.3520000000000003,4.508,60.950773362489265,0
-11.82,2.364,4.531000000000001,60.78998835055141,0
-11.88,2.3760000000000003,4.554,60.66420773999108,0
-11.940000000000001,2.388,4.577,61.601162940567406,0
-12.0,2.4000000000000004,4.6000000000000005,62.02007351947029,0
-12.06,2.412,4.623,62.22163333203233,0
-12.120000000000001,2.4240000000000004,4.646,63.11013840242015,0
-12.180000000000001,2.436,4.6690000000000005,62.79413081637968,0
-12.24,2.4480000000000004,4.692,62.86385386069225,0
-12.3,2.46,4.715000000000001,63.456393114089195,0
-12.360000000000001,2.4720000000000004,4.738,63.28738092050389,0
-12.420000000000002,2.484,4.761,63.78894623350734,0
-12.48,2.4960000000000004,4.784000000000001,63.780227988479034,0
-12.540000000000001,2.508,4.807,64.50370864528608,0
-12.600000000000001,2.5200000000000005,4.83,64.96765930803551,0
-12.660000000000002,2.532,4.853000000000001,64.56628167385738,0
-12.72,2.5440000000000005,4.876,64.9824145610921,0
-12.780000000000001,2.556,4.899000000000001,65.54265784457033,0
-12.840000000000002,2.5680000000000005,4.922000000000001,66.2575032407683,0
-12.900000000000002,2.58,4.945,66.18268749237443,0
-12.96,2.5920000000000005,4.968000000000001,66.45346804735946,0
-13.020000000000001,2.604,4.9910000000000005,67.53931271793034,0
-13.080000000000002,2.6160000000000005,5.014,67.11639047014833,0
-13.140000000000002,2.628,5.037000000000001,66.92410802001838,0
-13.200000000000001,2.6400000000000006,5.0600000000000005,67.64987472030022,0
-13.260000000000002,2.652,5.083000000000001,68.04366042220305,0
-13.320000000000002,2.6640000000000006,5.106000000000001,68.70913363207285,0
-13.380000000000003,2.676,5.1290000000000004,68.57661612177895,0
-13.440000000000001,2.6880000000000006,5.152000000000001,69.23276216743818,0
-13.500000000000002,2.7,5.175000000000001,69.40802067823853,0
-13.560000000000002,2.7120000000000006,5.198,69.70964561104591,0
-13.620000000000003,2.724,5.221000000000001,69.96228863193542,0
-13.680000000000001,2.7360000000000007,5.244000000000001,70.99428039717999,0
-13.740000000000002,2.748,5.267000000000001,70.60843371634031,0
-13.799999999999999,2.76,5.289999999999999,70.56515038944384,0
-13.86,2.772,5.313,71.52827784505092,0
-13.919999999999998,2.784,5.335999999999999,71.48539080933345,0
-13.979999999999999,2.796,5.359,71.92063764671397,0
-14.04,2.808,5.382,72.24645958789684,0
-14.1,2.82,5.404999999999999,73.05475755173897,0
-14.16,2.832,5.428,72.98144172464613,0
-14.219999999999999,2.844,5.451,72.91219431865376,0
-14.28,2.856,5.474,74.09790355233764,0
-14.34,2.868,5.497,73.91673023596267,0
-14.399999999999999,2.88,5.52,74.0812768233451,0
-14.459999999999999,2.892,5.543,74.11279248899547,0
-14.52,2.904,5.566,75.33726207796302,0
-14.58,2.916,5.5889999999999995,75.00660809261213,0
-14.64,2.928,5.612,74.98479559077391,0
-14.7,2.94,5.635,75.16028018991861,0
-14.76,2.952,5.6579999999999995,75.72904069672242,0
-14.82,2.964,5.681,75.77564386398652,0
-14.879999999999999,2.976,5.704,76.19080423876488,0
-14.94,2.988,5.727,76.93880967565063,0
-15.0,3.0,5.75,77.06762792507553,0
15.0,-3.0,-5.75,-77.21352433025307,1
14.94,-2.988,-5.727,-76.79538727775268,1
14.879999999999999,-2.976,-5.704,-76.67558047048693,1
14.82,-2.964,-5.681,-76.64560232253419,1
14.76,-2.952,-5.6579999999999995,-75.80961379774982,1
14.7,-2.94,-5.635,-75.4703990082501,1
14.64,-2.928,-5.612,-74.90836496725957,1
14.58,-2.916,-5.5889999999999995,-74.14204406277211,1
14.52,-2.904,-5.566,-75.0550007485117,1
14.459999999999999,-2.892,-5.543,-73.81574650781175,1
14.399999999999999,-2.88,-5.52,-74.23342100799277,1
14.34,-2.868,-5.497,-73.342499825142,1
14.28,-2.856,-5.474,-73.39821439177807,1
14.219999999999999,-2.844,-5.451,-73.77015767301624,1
14.16,-2.832,-5.428,-72.76824246948708,1
14.1,-2.82,-5.404999999999999,-71.89109627952884,1
14.04,-2.808,-5.382,-72.84846799803711,1
13.979999999999999,-2.796,-5.359,-72.21507374438188,1
13.919999999999998,-2.784,-5.335999999999999,-70.98727672806605,1
13.860000000000001,-2.7720000000000002,-5.313000000000001,-71.40105377047158,1
13.8,-2.7600000000000002,-5.29,-71.0790423549843,1
13.74,-2.748,-5.267,-70.34452738303901,1
13.68,-2.736,-5.244,-69.90164811005927,1
13.620000000000001,-2.724,-5.221,-69.90875959017893,1
13.56,-2.712,-5.198,-69.47386831845493,1
13.5,-2.7,-5.175,-69.95269830432557,1
13.44,-2.688,-5.152,-68.62942038978574,1
13.38,-2.676,-5.1290000000000004,-68.44541841877653,1
13.32,-2.664,-5.106,-68.11165502589365,1
13.26,-2.652,-5.083,-68.33727500103798,1
13.2,-2.64,-5.06,-68.19913514965646,1
13.14,-2.628,-5.037,-67.60358752683777,1
13.08,-2.616,-5.014,-66.84157492693313,1
13.02,-2.604,-4.991,-66.30774906713303,1
12.959999999999999,-2.592,-4.968,-67.21206328154436,1
12.9,-2.58,-4.945,-66.50886450215344,1
12.84,-2.568,-4.922,-65.76722329960937,1
12.78,-2.556,-4.899,-65.89433422805651,1
12.719999999999999,-2.544,-4.8759999999999994,-65.84509252105562,1
12.66,-2.532,-4.853,-64.66339207865344,1
12.6,-2.52,-4.83,-64.31663437197867,1
12.54,-2.508,-4.8069999999999995,-64.62928848915232,1
12.479999999999999,-2.496,-4.784,-64.34690112013494,1
12.42,-2.484,-4.761,-63.6725083753713,1
12.360000000000001,-2.4720000000000004,-4.738,-63.692685544157314,1
12.3,-2.46,-4.715000000000001,-63.3046633857553,1
12.24,-2.4480000000000004,-4.692,-62.811924737514445,1
12.180000000000001,-2.436,-4.6690000000000005,-62.181542761880365,1
12.120000000000001,-2.4240000000000004,-4.646,-62.59233688757008,1
12.06,-2.412,-4.623,-61.60910178927062,1
12.0,-2.4000000000000004,-4.6000000000000005,-61.678053430511305,1
11.940000000000001,-2.388,-4.577,-61.79187928655711,1
11.88,-2.3760000000000003,-4.554,-60.717652797628745,1
11.82,-2.364,-4.531000000000001,-60.396471492438394,1
11.76,-2.3520000000000003,-4.508,-60.48548169353656,1
11.700000000000001,-2.34,-4.485,-60.45085653566424,1
11.64,-2.3280000000000003,-4.462,-59.43687741215333,1
11.58,-2.316,-4.439,-59.89883150545453,1
11.52,-2.3040000000000003,-4.416,-59.50843780215557,1
11.46,-2.292,-4.393,-58.928867399310185,1
11.4,-2.2800000000000002,-4.37,-58.822531870582566,1
11.34,-2.268,-4.347,-58.22107366530221,1
11.28,-2.2560000000000002,-4.324,-57.884202122022,1
11.22,-2.2439999999999998,-4.301,-57.831817164419306,1
11.16,-2.232,-4.278,-57.308165553908196,1
11.1,-2.2199999999999998,-4.255,-56.901772015924514,1
11.04,-2.208,-4.232,-56.93185004155582,1
10.98,-2.1959999999999997,-4.209,-56.330909241297974,1
10.92,-2.184,-4.186,-56.47173616727317,1
10.86,-2.1719999999999997,-4.163,-56.820986310834016,1
10.799999999999999,-2.16,-4.14,-55.716529972611994,1
10.74,-2.1479999999999997,-4.117,-54.98445197972325,1
10.68,-2.136,-4.093999999999999,-55.3814086170282,1
10.62,-2.1239999999999997,-4.071,-54.119821956791256,1
10.559999999999999,-2.112,-4.048,-54.08582103349071,1
10.5,-2.0999999999999996,-4.0249999999999995,-54.17978729156111,1
10.44,-2.088,-4.002,-53.92256075457703,1
10.379999999999999,-2.0759999999999996,-3.9789999999999996,-53.351849863067315,1
10.319999999999999,-2.064,-3.9559999999999995,-53.20834247836348,1
10.26,-2.0519999999999996,-3.933,-52.39937554365193,1
10.2,-2.04,-3.9099999999999997,-52.40713067690424,1
10.139999999999999,-2.0279999999999996,-3.8869999999999996,-51.91127685927981,1
10.079999999999998,-2.016,-3.8639999999999994,-52.20141730393265,1
10.02,-2.0039999999999996,-3.8409999999999997,-51.60102588088429,1
9.959999999999999,-1.9919999999999998,-3.8179999999999996,-51.06995319033281,1
9.899999999999999,-1.9799999999999998,-3.7949999999999995,-50.85284251202776,1
9.839999999999998,-1.9679999999999997,-3.7719999999999994,-50.76061557676411,1
9.78,-1.9559999999999997,-3.7489999999999997,-49.97711713059947,1
9.72,-1.944,-3.726,-50.316974820026275,1
9.66,-1.932,-3.7030000000000003,-49.4725268107805,1
9.6,-1.92,-3.68,-48.846184878121235,1
9.540000000000001,-1.908,-3.657,-49.37814435695076,1
9.48,-1.896,-3.634,-48.31851051103217,1
9.42,-1.884,-3.611,-48.63127183948019,1
9.36,-1.8719999999999999,-3.588,-48.24533098336813,1
9.3,-1.8599999999999999,-3.565,-48.56211814335151,1
9.24,-1.8479999999999999,-3.542,-47.48217213577496,1
9.18,-1.8359999999999999,-3.519,-47.278522536566506,1
9.12,-1.8239999999999998,-3.496,-46.785194647154256,1
9.06,-1.8119999999999998,-3.473,-46.70216000989181,1
9.0,-1.7999999999999998,-3.4499999999999997,-46.053067668902315,1
8.94,-1.7879999999999998,-3.427,-45.639713023777745,1
8.879999999999999,-1.7759999999999998,-3.404,-45.45665738010026,1
8.82,-1.7639999999999998,-3.381,-45.79757210243612,1
8.76,-1.7519999999999998,-3.3579999999999997,-45.34975118510886,1
8.700000000000001,-1.7400000000000002,-3.3350000000000004,-44.23700856888364,1
8.64,-1.7280000000000002,-3.3120000000000003,-44.90600443878382,1
8.580000000000002,-1.7160000000000002,-3.2890000000000006,-44.143911196311265,1
8.520000000000001,-1.7040000000000002,-3.2660000000000005,-43.7399036714469,1
8.46,-1.6920000000000002,-3.2430000000000003,-43.548789672965455,1
8.4,-1.6800000000000002,-3.22,-43.22176199866777,1
8.34,-1.6680000000000001,-3.197,-42.736209994000525,1
8.280000000000001,-1.6560000000000001,-3.1740000000000004,-43.12614518256461,1
8.22,-1.6440000000000001,-3.1510000000000002,-42.368915934811255,1
8.16,-1.6320000000000001,-3.128,-42.005287860996226,1
8.100000000000001,-1.62,-3.1050000000000004,-41.754482187895476,1
8.040000000000001,-1.608,-3.0820000000000003,-41.80142035980307,1
7.98,-1.596,-3.059,-41.30540849389506,1
7.92,-1.584,-3.036,-40.87542302085181,1
7.86,-1.572,-3.013,-40.73682286954627,1
7.800000000000001,-1.56,-2.99,-40.40208400263993,1
7.74,-1.548,-2.967,-39.44081309835112,1
7.68,-1.536,-2.944,-39.532038087874646,1
7.62,-1.524,-2.9210000000000003,-39.71187526521846,1
7.5600000000000005,-1.512,-2.898,-38.90899295101381,1
7.5,-1.5,-2.875,-38.81696612947276,1
7.4399999999999995,-1.488,-2.852,-38.208561899461785,1
7.38,-1.476,-2.8289999999999997,-38.01375346790848,1
7.32,-1.464,-2.806,-37.70794976672614,1
7.26,-1.452,-2.783,-37.38617905825541,1
7.199999999999999,-1.44,-2.76,-37.015565178340836,1
7.14,-1.428,-2.737,-36.63404754815489,1
7.08,-1.416,-2.714,-36.50389676844011,1
7.02,-1.404,-2.691,-36.35551654331614,1
6.959999999999999,-1.392,-2.6679999999999997,-36.39145539898841,1
6.8999999999999995,-1.38,-2.6449999999999996,-35.92814723942874,1
6.84,-1.3679999999999999,-2.622,-34.88000358030583,1
6.779999999999999,-1.3559999999999999,-2.5989999999999998,-35.028089151875484,1
6.719999999999999,-1.3439999999999999,-2.5759999999999996,-34.82560067858264,1
6.659999999999999,-1.3319999999999999,-2.553,-34.23413025975538,1
6.6,-1.3199999999999998,-2.53,-34.1791407899992,1
6.539999999999999,-1.3079999999999998,-2.5069999999999997,-33.54542288184487,1
6.479999999999999,-1.2959999999999998,-2.4839999999999995,-32.72315736493776,1
6.419999999999999,-1.2839999999999998,-2.4609999999999994,-33.58679523592517,1
6.359999999999999,-1.2719999999999998,-2.4379999999999997,-32.448326960560976,1
6.300000000000001,-1.2600000000000002,-2.415,-32.772902944038776,1
6.24,-1.2480000000000002,-2.3920000000000003,-32.63196813252269,1
6.180000000000001,-1.2360000000000002,-2.369,-31.95337707629929,1
6.12,-1.2240000000000002,-2.346,-31.84275688905931,1
6.0600000000000005,-1.2120000000000002,-2.323,-31.614973054423363,1
6.0,-1.2000000000000002,-2.3000000000000003,-30.901712785069886,1
5.94,-1.1880000000000002,-2.277,-30.91563146852666,1
5.88,-1.1760000000000002,-2.254,-30.624878216583024,1
5.82,-1.1640000000000001,-2.231,-30.1569943019432,1
5.76,-1.1520000000000001,-2.208,-29.434343026028575,1
5.7,-1.1400000000000001,-2.185,-29.987163718461492,1
5.64,-1.1280000000000001,-2.162,-29.795015334948665,1
5.58,-1.116,-2.139,-28.967947503172415,1
5.52,-1.104,-2.116,-28.903753426039884,1
5.46,-1.092,-2.093,-28.374373492427058,1
5.3999999999999995,-1.08,-2.07,-28.581320728200605,1
5.34,-1.068,-2.0469999999999997,-28.083921765818584,1
5.279999999999999,-1.056,-2.024,-27.69206212773391,1
5.22,-1.044,-2.001,-26.86929580088808,1
5.159999999999999,-1.032,-1.9779999999999998,-26.391435756817216,1
5.1,-1.02,-1.9549999999999998,-27.289596022884385,1
5.039999999999999,-1.008,-1.9319999999999997,-26.3118676501597,1
4.9799999999999995,-0.9959999999999999,-1.9089999999999998,-25.517090219675843,1
4.919999999999999,-0.9839999999999999,-1.8859999999999997,-25.77180386485044,1
4.859999999999999,-0.9719999999999999,-1.8629999999999998,-24.97820574207231,1
4.799999999999999,-0.9599999999999999,-1.8399999999999996,-25.431425682992824,1
4.739999999999999,-0.9479999999999998,-1.8169999999999997,-24.74430883523296,1
4.679999999999999,-0.9359999999999998,-1.7939999999999996,-24.687136066839532,1
4.619999999999999,-0.9239999999999998,-1.7709999999999997,-23.774919319378494,1
4.559999999999999,-0.9119999999999998,-1.7479999999999996,-24.294148808976132,1
4.499999999999999,-0.8999999999999998,-1.7249999999999996,-23.430783292460518,1
4.44,-0.8880000000000001,-1.7020000000000002,-22.730750298432564,1
4.380000000000001,-0.8760000000000001,-1.6790000000000003,-22.444671350374694,1
4.32,-0.8640000000000001,-1.6560000000000001,-22.23350492192387,1
4.260000000000001,-0.8520000000000001,-1.6330000000000002,-22.47206825313322,1
4.2,-0.8400000000000001,-1.61,-21.551033065480848,1
4.140000000000001,-0.8280000000000001,-1.5870000000000002,-21.2139906097304,1
4.08,-0.8160000000000001,-1.564,-21.25252470793611,1
4.0200000000000005,-0.804,-1.5410000000000001,-20.524076313955547,1
3.96,-0.792,-1.518,-21.359193087173846,1
3.9000000000000004,-0.78,-1.495,-19.97714789761815,1
3.84,-0.768,-1.472,-19.846035492967978,1
3.7800000000000002,-0.756,-1.449,-19.662757162357227,1
3.7199999999999998,-0.744,-1.426,-19.639584843775026,1
3.66,-0.732,-1.403,-18.920770520498127,1
3.5999999999999996,-0.72,-1.38,-19.09835530773955,1
3.54,-0.708,-1.357,-18.718525592058565,1
3.4799999999999995,-0.696,-1.3339999999999999,-18.187631154793973,1
3.42,-0.6839999999999999,-1.311,-18.08769994329711,1
3.3599999999999994,-0.6719999999999999,-1.2879999999999998,-17.496331577443076,1
3.3,-0.6599999999999999,-1.265,-16.403873281859816,1
3.2399999999999993,-0.6479999999999999,-1.2419999999999998,-16.99706722529731,1
3.1799999999999997,-0.6359999999999999,-1.2189999999999999,-16.63794111171481,1
3.119999999999999,-0.6239999999999999,-1.1959999999999997,-15.752150911334168,1
3.0599999999999996,-0.6119999999999999,-1.1729999999999998,-16.09953526772992,1
2.999999999999999,-0.5999999999999999,-1.1499999999999997,-15.444977085111837,1
2.9399999999999995,-0.5879999999999999,-1.1269999999999998,-14.855069621548171,1
2.879999999999999,-0.5759999999999998,-1.1039999999999996,-14.66153344753931,1
2.8199999999999994,-0.5639999999999998,-1.0809999999999997,-14.54442426632047,1
2.759999999999999,-0.5519999999999998,-1.0579999999999996,-14.423987974002053,1
2.6999999999999993,-0.5399999999999998,-1.0349999999999997,-14.073159499457438,1
2.639999999999999,-0.5279999999999998,-1.0119999999999996,-14.455260259822236,1
2.579999999999999,-0.5159999999999998,-0.9889999999999997,-13.858086592128762,1
2.5199999999999987,-0.5039999999999998,-0.9659999999999995,-13.517445788132328,1
2.4600000000000004,-0.4920000000000001,-0.9430000000000002,-13.225593861191035,1
2.4000000000000004,-0.4800000000000001,-0.9200000000000002,-12.975570578655752,1
2.3400000000000003,-0.4680000000000001,-0.8970000000000001,-11.88472854199016,1
2.2800000000000002,-0.45600000000000007,-0.8740000000000001,-11.760978682581808,1
2.22,-0.44400000000000006,-0.8510000000000001,-11.644132474965643,1
2.16,-0.43200000000000005,-0.8280000000000001,-11.191652039236148,1
2.1,-0.42000000000000004,-0.805,-11.259999205392065,1
2.04,-0.40800000000000003,-0.782,-9.893592152424558,1
1.98,-0.396,-0.759,-10.556979863060564,1
1.92,-0.384,-0.736,-10.23877338357368,1
1.8599999999999999,-0.372,-0.713,-9.880940159997337,1
1.7999999999999998,-0.36,-0.69,-9.744730418813228,1
1.7399999999999998,-0.348,-0.6669999999999999,-9.041814830467212,1
1.6799999999999997,-0.33599999999999997,-0.6439999999999999,-9.277846540371058,1
1.6199999999999997,-0.32399999999999995,-0.6209999999999999,-8.494087100160497,1
1.5599999999999996,-0.31199999999999994,-0.5979999999999999,-9.078890650858023,1
1.4999999999999996,-0.29999999999999993,-0.5749999999999998,-8.280406713148604,1
1.4399999999999995,-0.2879999999999999,-0.5519999999999998,-8.125309960544849,1
1.3799999999999994,-0.2759999999999999,-0.5289999999999998,-7.530384055032713,1
1.3199999999999994,-0.2639999999999999,-0.5059999999999998,-7.016711244035988,1
1.2599999999999993,-0.2519999999999999,-0.48299999999999976,-6.6013825799771375,1
1.1999999999999993,-0.23999999999999988,-0.45999999999999974,-6.502673428954955,1
1.1399999999999992,-0.22799999999999987,-0.4369999999999997,-6.765261627095683,1
1.0799999999999992,-0.21599999999999986,-0.4139999999999997,-5.7140075353998165,1
1.0199999999999991,-0.20399999999999985,-0.3909999999999997,-5.715453821934847,1
0.9599999999999992,-0.19199999999999984,-0.36799999999999966,-6.082584228441165,1
0.8999999999999991,-0.17999999999999983,-0.34499999999999964,-5.224549276973267,1
0.8399999999999991,-0.16799999999999982,-0.3219999999999996,-4.654227394963552,1
0.779999999999999,-0.1559999999999998,-0.2989999999999996,-4.283905608088965,1
0.719999999999999,-0.1439999999999998,-0.2759999999999996,-3.9910126276408815,1
0.6599999999999989,-0.13199999999999978,-0.25299999999999956,-3.4704763820511273,1
0.6000000000000005,-0.1200000000000001,-0.2300000000000002,-3.740233712046907,1
0.5400000000000005,-0.1080000000000001,-0.20700000000000018,-3.142028011173379,1
0.4800000000000004,-0.09600000000000009,-0.18400000000000016,-3.278765540923947,1
0.4200000000000004,-0.08400000000000007,-0.16100000000000014,-2.858156882885013,1
0.3600000000000003,-0.07200000000000006,-0.13800000000000012,-2.1592509670890028,1
0.30000000000000027,-0.06000000000000005,-0.1150000000000001,-2.3599706667247147,1
0.2400000000000002,-0.04800000000000004,-0.09200000000000008,-2.1496858878295537,1
0.18000000000000016,-0.03600000000000003,-0.06900000000000006,-1.6002466890628395,1
0.1200000000000001,-0.02400000000000002,-0.04600000000000004,-1.4646141424388595,1
0.06000000000000005,-0.01200000000000001,-0.02300000000000002,-0.2473222731204553,1
-0.0,0.0,0.0,-0.6347226882935253,1
-0.06000000000000005,0.01200000000000001,0.02300000000000002,0.3295826839514693,1
-0.1200000000000001,0.02400000000000002,0.04600000000000004,0.24173765191128616,1
-0.18000000000000016,0.03600000000000003,0.06900000000000006,0.32957592056694873,1
-0.2400000000000002,0.04800000000000004,0.09200000000000008,0.9313284800067904,1
-0.30000000000000027,0.06000000000000005,0.1150000000000001,0.9813699557566081,1
-0.3600000000000003,0.07200000000000006,0.13800000000000012,1.6173243729877393,1
-0.4200000000000004,0.08400000000000007,0.16100000000000014,1.6303096452238823,1
-0.4800000000000004,0.09600000000000009,0.18400000000000016,2.136319577193044,1
-0.5400000000000005,0.1080000000000001,0.20700000000000018,2.22762942814388,1
-0.6000000000000005,0.1200000000000001,0.2300000000000002,2.8277665741188,1
-0.6600000000000006,0.13200000000000012,0.2530000000000002,2.4848353674484462,1
-0.7200000000000006,0.14400000000000013,0.27600000000000025,3.3386261219261213,1
-0.7800000000000007,0.15600000000000014,0.29900000000000027,3.686248648110913,1
-0.8400000000000007,0.16800000000000015,0.3220000000000003,4.211961136684173,1
-0.9000000000000008,0.18000000000000016,0.3450000000000003,4.740745730849486,1
-0.9600000000000009,0.19200000000000017,0.3680000000000003,5.066527368914612,1
-1.020000000000001,0.20400000000000018,0.39100000000000035,5.073934285591741,1
-1.080000000000001,0.2160000000000002,0.41400000000000037,5.130248605261364,1
-1.140000000000001,0.2280000000000002,0.4370000000000004,4.958479764139044,1
-1.200000000000001,0.2400000000000002,0.4600000000000004,6.2058019560329285,1
-1.2600000000000011,0.2520000000000002,0.48300000000000043,5.9881761335717405,1
-1.3200000000000012,0.26400000000000023,0.5060000000000004,6.37620935610109,1
-1.3800000000000012,0.27600000000000025,0.5290000000000005,6.40059598589201,1
-1.4400000000000013,0.28800000000000026,0.5520000000000005,6.686643340283383,1
-1.5000000000000013,0.30000000000000027,0.5750000000000005,7.614944251515192,1
-1.5600000000000014,0.3120000000000003,0.5980000000000005,7.4043062392474805,1
-1.6200000000000014,0.3240000000000003,0.6210000000000006,7.860673024713007,1
-1.6800000000000015,0.3360000000000003,0.6440000000000006,7.592571932233582,1
-1.7400000000000015,0.3480000000000003,0.6670000000000006,8.390863414353113,1
-1.8000000000000016,0.3600000000000003,0.6900000000000006,8.463377166094928,1
-1.8600000000000017,0.37200000000000033,0.7130000000000006,9.46044533256329,1
-1.9200000000000017,0.38400000000000034,0.7360000000000007,9.224131496333593,1
-1.9800000000000018,0.39600000000000035,0.7590000000000007,9.750945335728684,1
-2.040000000000002,0.40800000000000036,0.7820000000000007,9.927995923229254,1
-2.100000000000002,0.4200000000000004,0.8050000000000007,10.166567545220236,1
-2.160000000000002,0.4320000000000004,0.8280000000000007,10.746917979278768,1
-2.220000000000002,0.4440000000000004,0.8510000000000008,10.686964235830636,1
-2.280000000000002,0.4560000000000004,0.8740000000000008,10.639244022801668,1
-2.339999999999999,0.46799999999999975,0.8969999999999996,11.761659691019458,1
-2.3999999999999986,0.47999999999999976,0.9199999999999995,11.986503521541879,1
-2.459999999999999,0.49199999999999977,0.9429999999999996,11.801235590636363,1
-2.5199999999999987,0.5039999999999998,0.9659999999999995,12.580574688899127,1
-2.579999999999999,0.5159999999999998,0.9889999999999997,12.975444297735699,1
-2.639999999999999,0.5279999999999998,1.0119999999999996,13.320255662934683,1
-2.6999999999999993,0.5399999999999998,1.0349999999999997,13.25457730600074,1
-2.759999999999999,0.5519999999999998,1.0579999999999996,13.946363689239536,1
-2.8199999999999994,0.5639999999999998,1.0809999999999997,13.842833076039994,1
-2.879999999999999,0.5759999999999998,1.1039999999999996,14.314553688404716,1
-2.9399999999999995,0.5879999999999999,1.1269999999999998,14.432599089371093,1
-2.999999999999999,0.5999999999999999,1.1499999999999997,15.003096352259659,1
-3.0599999999999996,0.6119999999999999,1.1729999999999998,15.092554762330964,1
-3.119999999999999,0.6239999999999999,1.1959999999999997,15.31012506549278,1
-3.1799999999999997,0.6359999999999999,1.2189999999999999,15.733140125183565,1
-3.2399999999999993,0.6479999999999999,1.2419999999999998,16.198211785827688,1
-3.3,0.6599999999999999,1.265,16.61458480119913,1
-3.3599999999999994,0.6719999999999999,1.2879999999999998,16.362859323210625,1
-3.42,0.6839999999999999,1.311,16.818624198513803,1
-3.4799999999999995,0.696,1.3339999999999999,17.1410850130108,1
-3.54,0.708,1.357,17.71576190473083,1
-3.5999999999999996,0.72,1.38,17.837617174430505,1
-3.66,0.732,1.403,17.935490930499924,1
-3.7199999999999998,0.744,1.426,18.626780530910324,1
-3.7800000000000002,0.756,1.449,19.246174858657003,1
-3.84,0.768,1.472,19.48401165928879,1
-3.9000000000000004,0.78,1.495,20.10877927465266,1
-3.96,0.792,1.518,20.019486134319653,1
-4.0200000000000005,0.804,1.5410000000000001,20.106601900326794,1
-4.08,0.8160000000000001,1.564,20.48864559445793,1
-4.140000000000001,0.8280000000000001,1.5870000000000002,20.881175437532796,1
-4.2,0.8400000000000001,1.61,20.94674377478308,1
-4.260000000000001,0.8520000000000001,1.6330000000000002,21.724096625066654,1
-4.32,0.8640000000000001,1.6560000000000001,21.722540056814772,1
-4.380000000000001,0.8760000000000001,1.6790000000000003,22.12257353029727,1
-4.44,0.8880000000000001,1.7020000000000002,22.406069831486363,1
-4.500000000000001,0.9000000000000001,1.7250000000000003,22.875192930460795,1
-4.5600000000000005,0.9120000000000001,1.7480000000000002,22.98319077219525,1
-4.620000000000001,0.9240000000000002,1.7710000000000004,23.66085851017214,1
-4.680000000000001,0.9360000000000002,1.7940000000000003,23.611903456791367,1
-4.740000000000001,0.9480000000000002,1.8170000000000004,23.802602356317525,1
-4.800000000000001,0.9600000000000002,1.8400000000000003,24.480292687257947,1
-4.860000000000001,0.9720000000000002,1.8630000000000004,24.099377500596415,1
-4.920000000000001,0.9840000000000002,1.8860000000000003,25.241956953516247,1
-4.980000000000001,0.9960000000000002,1.9090000000000005,24.888376095650617,1
-5.040000000000001,1.0080000000000002,1.9320000000000004,25.158690576565093,1
-5.100000000000001,1.0200000000000002,1.9550000000000005,25.28299644392916,1
-5.160000000000001,1.0320000000000003,1.9780000000000004,25.7872223381466,1
-5.2200000000000015,1.0440000000000003,2.0010000000000003,25.683757904757744,1
-5.280000000000001,1.0560000000000003,2.0240000000000005,26.511973952426192,1
-5.340000000000002,1.0680000000000003,2.0470000000000006,26.93299066188226,1
-5.400000000000001,1.0800000000000003,2.0700000000000007,26.958104395724476,1
-5.460000000000002,1.0920000000000003,2.0930000000000004,27.870889486542225,1
-5.520000000000001,1.1040000000000003,2.1160000000000005,27.472583113613595,1
-5.580000000000002,1.1160000000000003,2.1390000000000007,28.22768194507979,1
-5.6400000000000015,1.1280000000000003,2.162000000000001,28.818027427890083,1
-5.700000000000002,1.1400000000000003,2.1850000000000005,28.93747507909346,1
-5.760000000000002,1.1520000000000004,2.2080000000000006,28.865306099059232,1
-5.820000000000002,1.1640000000000004,2.2310000000000008,29.063580709361922,1
-5.880000000000002,1.1760000000000004,2.254000000000001,29.423820004563584,1
-5.940000000000002,1.1880000000000004,2.2770000000000006,29.794233915903856,1
-6.000000000000002,1.2000000000000004,2.3000000000000007,30.615239464234943,1
-6.060000000000002,1.2120000000000004,2.323000000000001,30.563646503282555,1
-6.119999999999999,1.2239999999999998,2.3459999999999996,30.774050849110694,1
-6.179999999999999,1.2359999999999998,2.3689999999999998,30.44008029244085,1
-6.239999999999998,1.2479999999999998,2.3919999999999995,31.513147810734658,1
-6.299999999999999,1.2599999999999998,2.4149999999999996,31.142272686495176,1
-6.359999999999999,1.2719999999999998,2.4379999999999997,32.14068171787064,1
-6.419999999999999,1.2839999999999998,2.4609999999999994,32.647593749454025,1
-6.479999999999999,1.2959999999999998,2.4839999999999995,32.98181207953788,1
-6.539999999999999,1.3079999999999998,2.5069999999999997,33.19862618609314,1
-6.6,1.3199999999999998,2.53,33.59049268195502,1
-6.659999999999999,1.3319999999999999,2.553,33.284957379209736,1
-6.719999999999999,1.3439999999999999,2.5759999999999996,33.46456271206939,1
-6.779999999999999,1.3559999999999999,2.5989999999999998,34.15914527158737,1
-6.84,1.3679999999999999,2.622,34.779519549592045,1
-6.8999999999999995,1.38,2.6449999999999996,34.46611429530802,1
-6.959999999999999,1.392,2.6679999999999997,35.18617562759836,1
-7.02,1.404,2.691,35.55608489104807,1
-7.08,1.416,2.714,35.55995230253959,1
-7.14,1.428,2.737,36.11784615957173,1
-7.199999999999999,1.44,2.76,35.84224860522543,1
-7.26,1.452,2.783,36.595014677645594,1
-7.32,1.464,2.806,37.14722710966993,1
-7.38,1.476,2.8289999999999997,37.558625828035446,1
-7.4399999999999995,1.488,2.852,38.04831845176518,1
-7.5,1.5,2.875,38.08585900001504,1
-7.5600000000000005,1.512,2.898,37.96801994655466,1
-7.62,1.524,2.9210000000000003,38.3127641304606,1
-7.68,1.536,2.944,38.728776130203705,1
-7.74,1.548,2.967,39.216309294794755,1
-7.800000000000001,1.56,2.99,40.018233614161055,1
-7.86,1.572,3.013,39.87616621528414,1
-7.92,1.584,3.036,40.31973641173698,1
-7.98,1.596,3.059,40.52981150935393,1
-8.040000000000001,1.608,3.0820000000000003,40.76423953927136,1
-8.100000000000001,1.62,3.1050000000000004,40.872570282182934,1
-8.16,1.6320000000000001,3.128,41.62427362577327,1
-8.22,1.6440000000000001,3.1510000000000002,41.29516502548645,1
-8.280000000000001,1.6560000000000001,3.1740000000000004,41.759120783083986,1
-8.34,1.6680000000000001,3.197,42.29004480683684,1
-8.4,1.6800000000000002,3.22,42.46773817727926,1
-8.46,1.6920000000000002,3.2430000000000003,43.33266255791433,1
-8.520000000000001,1.7040000000000002,3.2660000000000005,42.919154056332076,1
-8.580000000000002,1.7160000000000002,3.2890000000000006,44.04120375465061,1
-8.64,1.7280000000000002,3.3120000000000003,43.4476112101351,1
-8.700000000000001,1.7400000000000002,3.3350000000000004,44.00601281400465,1
-8.760000000000002,1.7520000000000002,3.3580000000000005,44.426498521971325,1
-8.82,1.7640000000000002,3.3810000000000002,44.6075396847394,1
-8.88,1.7760000000000002,3.4040000000000004,44.407593523025035,1
-8.940000000000001,1.7880000000000003,3.4270000000000005,46.055707018631296,1
-9.000000000000002,1.8000000000000003,3.4500000000000006,46.124858422877516,1
-9.060000000000002,1.8120000000000003,3.4730000000000008,45.80570223687007,1
-9.120000000000001,1.8240000000000003,3.4960000000000004,46.15532430615506,1
-9.180000000000001,1.8360000000000003,3.5190000000000006,46.534593376902265,1
-9.240000000000002,1.8480000000000003,3.5420000000000007,46.935894782052515,1
-9.3,1.8600000000000003,3.5650000000000004,47.057841799816664,1
-9.360000000000001,1.8720000000000003,3.5880000000000005,47.54301729993711,1
-9.420000000000002,1.8840000000000003,3.6110000000000007,47.650318715541154,1
-9.480000000000002,1.8960000000000004,3.634000000000001,47.75421083059805,1
-9.540000000000003,1.9080000000000004,3.657000000000001,48.40312366869873,1
-9.600000000000001,1.9200000000000004,3.6800000000000006,48.611065636294676,1
-9.660000000000002,1.9320000000000004,3.7030000000000007,49.0485071775125,1
-9.720000000000002,1.9440000000000004,3.726000000000001,49.37255876671858,1
-9.780000000000001,1.9560000000000004,3.7490000000000006,49.736709716505885,1
-9.840000000000002,1.9680000000000004,3.7720000000000007,49.72258259713598,1
-9.900000000000002,1.9800000000000004,3.795000000000001,49.85641445487706,1
-9.960000000000003,1.9920000000000004,3.818000000000001,50.8594220524752,1
-10.02,2.0039999999999996,3.8409999999999997,50.900630682673864,1
-10.079999999999998,2.016,3.8639999999999994,51.33789438617405,1
-10.139999999999999,2.0279999999999996,3.8869999999999996,51.88036263806617,1
-10.2,2.04,3.9099999999999997,51.63650153886186,1
-10.26,2.0519999999999996,3.933,51.48117726691633,1
-10.319999999999999,2.064,3.9559999999999995,52.44398159651361,1
-10.379999999999999,2.0759999999999996,3.9789999999999996,52.62274364561151,1
-10.44,2.088,4.002,53.212790601605185,1
-10.5,2.0999999999999996,4.0249999999999995,53.228599678305365,1
-10.559999999999999,2.112,4.048,53.8118852493482,1
-10.62,2.1239999999999997,4.071,53.717520239804614,1
-10.68,2.136,4.093999999999999,54.29181460530957,1
-10.74,2.1479999999999997,4.117,54.58760460180595,1
-10.799999999999999,2.16,4.14,53.967629674768304,1
-10.86,2.1719999999999997,4.163,55.5385888708597,1
-10.92,2.184,4.186,55.67607585981854,1
-10.98,2.1959999999999997,4.209,56.27220815053512,1
-11.04,2.208,4.232,55.97866625050873,1
-11.1,2.2199999999999998,4.255,56.6032880476058,1
-11.16,2.232,4.278,57.54726528214518,1
-11.22,2.2439999999999998,4.301,57.025421845467655,1
-11.28,2.2560000000000002,4.324,56.947982588759736,1
-11.34,2.268,4.347,57.73165311419932,1
-11.4,2.2800000000000002,4.37,58.620679894954975,1
-11.46,2.292,4.393,58.13103020058176,1
-11.52,2.3040000000000003,4.416,58.45696550303709,1
-11.58,2.316,4.439,59.18018085426266,1
-11.64,2.3280000000000003,4.462,59.425828315733405,1
-11.700000000000001,2.34,4.485,59.84019789998011,1
-11.76,2.3520000000000003,4.508,59.45944172700111,1
-11.82,2.364,4.531000000000001,59.65621785846336,1
-11.88,2.3760000000000003,4.554,60.532337732628875,1
-11.940000000000001,2.388,4.577,61.20561820182311,1
-12.0,2.4000000000000004,4.6000000000000005,60.85721895946051,1
-12.06,2.412,4.623,61.426887360350364,1
-12.120000000000001,2.4240000000000004,4.646,61.317560531653584,1
-12.180000000000001,2.436,4.6690000000000005,61.307196829765076,1
-12.24,2.4480000000000004,4.692,62.02346962266236,1
-12.3,2.46,4.715000000000001,62.54598814541331,1
-12.360000000000001,2.4720000000000004,4.738,62.655244421913984,1
-12.420000000000002,2.484,4.761,63.52243045502619,1
-12.48,2.4960000000000004,4.784000000000001,63.18854895565843,1
-12.540000000000001,2.508,4.807,63.475577987929015,1
-12.600000000000001,2.5200000000000005,4.83,64.51854423100853,1
-12.660000000000002,2.532,4.853000000000001,64.61023270642774,1
-12.72,2.5440000000000005,4.876,64.06577977949354,1
-12.780000000000001,2.556,4.899000000000001,64.97828033037682,1
-12.840000000000002,2.5680000000000005,4.922000000000001,64.84051058734453,1
-12.900000000000002,2.58,4.945,65.3901615606584,1
-12.96,2.5920000000000005,4.968000000000001,65.34070909143516,1
-13.020000000000001,2.604,4.9910000000000005,65.98062526143029,1
-13.080000000000002,2.6160000000000005,5.014,66.87010795764188,1
-13.140000000000002,2.628,5.037000000000001,66.42437762026759,1
-13.200000000000001,2.6400000000000006,5.0600000000000005,66.80785216218229,1
-13.260000000000002,2.652,5.083000000000001,67.74679332355123,1
-13.320000000000002,2.6640000000000006,5.106000000000001,67.85238310253166,1
-13.380000000000003,2.676,5.1290000000000004,67.9952312877777,1
-13.440000000000001,2.6880000000000006,5.152000000000001,68.74031581133161,1
-13.500000000000002,2.7,5.175000000000001,68.19005119668307,1
-13.560000000000002,2.7120000000000006,5.198,69.12970927323902,1
-13.620000000000003,2.724,5.221000000000001,69.31702921897391,1
-13.680000000000001,2.7360000000000007,5.244000000000001,69.55749874632303,1
-13.740000000000002,2.748,5.267000000000001,69.09482915876902,1
-13.799999999999999,2.76,5.289999999999999,69.83082890182057,1
-13.86,2.772,5.313,69.88489922467393,1
-13.919999999999998,2.784,5.335999999999999,70.6534577872183,1
-13.979999999999999,2.796,5.359,71.11431652779552,1
-14.04,2.808,5.382,71.6127116533676,1
-14.1,2.82,5.404999999999999,71.60785595972627,1
-14.16,2.832,5.428,71.16687231492709,1
-14.219999999999999,2.844,5.451,72.60413686676672,1
-14.28,2.856,5.474,73.02957017158792,1
-14.34,2.868,5.497,72.77081994015279,1
-14.399999999999999,2.88,5.52,73.42001976546926,1
-14.459999999999999,2.892,5.543,73.01136752146644,1
-14.52,2.904,5.566,73.37895837863698,1
-14.58,2.916,5.5889999999999995,74.20170901057595,1
-14.64,2.928,5.612,74.89103588901136,1
-14.7,2.94,5.635,74.88102241764422,1
-14.76,2.952,5.6579999999999995,74.67375419715913,1
-14.82,2.964,5.681,75.7714221108828,1
-14.879999999999999,2.976,5.704,75.11716335123424,1
-14.94,2.988,5.727,76.41760375734378,1
-15.0,3.0,5.75,76.59845622426239,1
